origin,destination,TT,FFTT,Average Trip Length
0,3,27.61372732611935,14.180794400000002,11295.257333333335
0,4,22.863841144729705,12.184431885714286,9034.289333333336
0,6,10.465694378562942,3.950296399999999,3628.0526666666665
0,8,1.8819572528703743,1.0414152,1043.2313333333334
0,10,5.437255726667128,3.005388,2926.601666666667
0,12,31.748658411392288,24.3101562,9301.602666666668
0,14,48.05602134999991,21.137692371428567,19109.659333333333
0,16,25.28280486784382,12.421879199999996,10211.271333333332
0,18,21.540630230478698,9.7773492,8188.071333333333
0,20,6.9158978739064185,4.852712399999999,4228.004333333333
0,22,8.499077188659152,5.2177956,4532.240333333332
0,24,12.778001253893702,8.1206812,5985.4423333333325
0,27,53.400951161956776,26.10654339999999,21184.885333333328
0,28,45.67982275777933,20.64455645714285,19139.97333333333
0,30,44.82174849601961,19.653133371428567,17625.100333333332
0,32,40.50561024009253,16.187552399999998,13225.707333333334
0,34,39.016368403699225,14.8238472,12089.286333333332
0,36,26.732999614637315,12.4294572,10541.95833333333
0,38,36.77891800943984,15.076015199999997,12937.404333333327
0,40,31.536065920896448,13.6122972,11527.658333333327
0,42,23.214797877063656,10.6399488,9050.70133333333
0,44,18.30968358784778,8.7509688,7476.551333333332
0,46,24.595100472338334,11.4622572,9735.95833333333
0,48,21.510022139116288,10.558497,8952.430333333332
0,50,19.647792068499403,8.809014000000001,8555.374333333331
0,52,16.164276601938894,8.204262,8139.566333333332
0,56,45.80755016971891,21.008661599999996,16957.432333333334
0,59,55.77740936019379,27.69132239999999,21147.98033333333
0,61,47.755647138524246,22.3496672,17144.653333333332
0,63,41.972488166754154,16.211192399999998,13693.40433333333
0,65,34.81573808870074,14.426187599999999,12205.900333333331
0,67,27.499469013835487,12.9348492,10963.118333333332
0,69,28.230905866608637,12.763186999999997,10395.321333333333
0,71,37.583135675864476,14.628884599999997,12002.403333333335
0,73,38.73643601816004,14.872086199999996,12166.570333333331
0,75,31.47635708320518,13.092624600000002,10566.84333333333
0,77,38.707979724512406,14.582097199999998,12633.733333333332
0,80,41.071390137803846,17.243471199999995,15054.03833333333
0,82,48.39144752155157,20.79679139999999,18172.350333333332
0,84,62.545742506320394,34.444127399999985,24549.55033333333
0,86,58.45622635613974,23.735266799999998,19963.466333333334
0,88,54.98570965680451,20.296231199999998,17097.60333333333
0,89,44.90908261738879,17.4229028,14803.428333333337
0,91,43.74958720328085,16.557433399999997,13490.416333333334
0,93,50.203023795031136,17.751131599999997,14953.86733333333
0,95,50.63330543288785,19.2358706,15810.040333333332
0,97,50.013016465985935,18.901042999999998,15510.201333333336
0,99,49.74214571476163,18.88896099999999,15729.112333333333
0,101,55.10418308514505,20.76303219999999,17290.838333333333
0,103,50.88957713724584,19.97160859999999,17282.66833333333
0,105,54.287943567446646,20.4328756,17630.580333333328
0,107,57.0345619949819,22.4305056,18619.33333333333
0,110,56.817600270605354,23.58042908571427,20677.63633333333
0,111,53.23433872299715,20.737816799999987,18280.35533333333
0,113,51.99199862436723,20.503240799999986,18006.68333333333
0,116,57.30713304745949,27.62338742857143,23400.658333333336
0,117,66.1092863102509,31.282005999999996,28235.896333333338
0,119,62.28290456737219,27.509883999999996,24544.13233333333
3,0,37.34223194816754,14.167996399999998,10802.316666666664
3,4,6.477054849880431,2.40133,2493.6653333333334
3,6,38.384475408820606,15.413592399999999,11846.305666666667
3,8,30.01133325210869,12.591724399999999,9488.756666666666
3,10,42.77948767483467,15.065185199999998,11111.642666666667
3,12,54.573973954481644,27.5991208,16401.936666666672
3,14,35.02502997937012,13.68783757142857,12590.699666666666
3,16,6.593439430201468,1.088744,1257.8836666666668
3,18,10.941509125442911,2.9611634285714286,3146.8043333333335
3,20,17.327596463720436,7.0645692,5340.997666666666
3,22,30.46758594521169,12.131204399999998,8666.658666666668
3,24,37.35020708254601,14.2129136,11699.398666666668
3,27,65.33214853067204,27.479175999999992,21197.234666666667
3,28,32.64883138714954,13.194701657142858,12621.013666666666
3,30,31.790757125389817,12.20327857142857,11106.140666666666
3,32,27.435615104713985,8.737697599999999,6785.465666666666
3,34,25.94637326832068,7.373992399999999,5649.044666666666
3,36,14.388069321589679,5.255587999999999,4442.967666666666
3,38,23.747926638810043,7.626160399999998,6418.444666666667
3,40,18.681759112453797,6.187033999999999,5219.172666666666
3,42,15.30965145083595,3.6904112000000002,3425.939666666667
3,44,15.435169366365031,5.616692400000001,5163.038666666666
3,46,17.708826360083265,6.3724184,5499.917666666668
3,48,19.2435094136622,5.9810972,5909.148666666665
3,50,23.20591478985267,7.9291628,7398.790666666668
3,52,29.935267280708576,10.546783999999999,8656.892666666667
3,56,57.73874753843417,22.3812942,16969.781666666666
3,59,67.70860672890906,29.063954999999993,21160.32966666667
3,61,34.724655767894454,14.964812057142858,15571.197666666669
3,63,31.80975151019725,9.064674599999998,7859.725666666666
3,65,25.170553577965514,7.864410599999999,6859.505666666668
3,67,21.640881662706096,7.845010399999999,6958.478666666667
3,69,26.2086132565847,8.782895599999998,8226.695666666667
3,71,35.56084306584054,10.005734,9833.777666666667
3,73,36.7141434081361,10.429770799999998,9997.944666666664
3,75,30.27358314672469,9.794567600000002,8731.130666666666
3,77,37.609562636397214,12.580009,11200.337666666665
3,80,53.002587506519106,18.616103799999998,15066.387666666667
3,82,60.32264489026683,22.169423999999992,18184.699666666664
3,84,74.47693987503568,35.81675999999999,24561.899666666668
3,86,45.63728912847635,16.588749,22301.607666666667
3,88,42.16677242914112,13.149713399999998,19435.74466666667
3,89,36.354315972814604,10.5140148,9496.546666666669
3,91,41.57469339896422,12.115117999999999,11366.308666666664
3,93,49.00024985855065,13.913010799999997,13118.154666666667
3,95,42.63842188160882,13.158399999999999,12913.85166666667
3,97,42.018132914706904,12.823572399999998,12614.01266666667
3,99,43.62722427662537,14.316399599999999,13560.486666666664
3,101,49.05491729375331,16.1033548,15731.57466666667
3,103,44.373244841859155,15.022762199999999,15332.255666666671
3,105,47.771611272059964,16.187770114285712,16797.124666666674
3,107,52.96994976586619,18.592384799999998,19794.780666666673
3,110,50.30126797521867,18.631582685714285,18727.223666666672
3,111,46.71800642761047,15.7889704,16329.942666666671
3,113,45.475666328980545,15.5543944,16056.270666666673
3,116,56.198646562345395,25.621299228571434,21947.699666666664
3,117,59.59295401486422,26.57210791428571,26285.483666666678
3,119,55.76657227198551,22.79998591428571,22593.719666666675
4,0,30.86517709828711,12.130290628571425,8808.377999999999
4,3,4.749886181389649,2.401211200000001,2260.9680000000008
4,6,31.907420558940174,13.375886628571426,9852.367
4,8,23.534278402228264,10.554018628571425,7494.817999999999
4,10,36.30243282495424,13.027479428571427,9117.703999999998
4,12,48.09691910460122,25.877105428571426,14407.998
4,14,34.657662883667015,14.3600822,12712.776999999998
4,16,9.588815517761397,3.4683342285714285,3082.001
4,18,4.46445427556248,0.5598334285714285,653.139
4,20,10.850541613840006,5.026863428571428,3347.059
4,22,23.99053109533126,10.093498628571426,6672.719999999998
4,24,30.87315223266558,12.490898228571426,9705.46
4,27,58.85509368079161,25.757160628571416,19203.296000000002
4,28,32.28146429144644,13.866946285714286,12743.091
4,30,31.423390029686715,12.8755232,11228.217999999999
4,32,28.120235164514906,9.862864628571428,7937.1900000000005
4,34,26.930576928979495,8.499159428571428,6540.945
4,36,15.360151637815138,6.170021828571427,4479.9439999999995
4,38,23.38055954310694,8.298405028571427,6540.522000000001
4,40,18.3143920167507,6.859278628571428,5341.25
4,42,11.409854718088264,4.125295028571427,3462.5769999999998
4,44,8.958114516484601,3.578986628571428,3169.1
4,46,14.11115405753261,6.123733428571428,5182.731
4,48,13.010674679211926,5.304809828571426,4789.866000000001
4,50,16.728859939972235,6.207147428571426,5404.852000000001
4,52,23.458212430828144,8.824768628571425,6662.953999999999
4,56,51.261692688553744,20.659278828571424,14975.843
4,59,61.23155187902863,27.341939628571417,19166.391000000003
4,61,34.35728867219135,15.637056685714287,15693.275000000001
4,63,31.442384414494146,9.736919228571429,7981.803
4,65,24.33179167389502,8.536655228571428,6981.5830000000005
4,67,17.015522599029765,7.596325428571427,6409.891
4,69,19.731558406704277,7.509499828571425,6232.7570000000005
4,71,29.083788215960112,9.375197428571425,7839.839000000001
4,73,30.237088558255675,9.618399028571423,8004.006
4,75,23.796528296844265,8.072552228571427,6737.192
4,77,31.13250778651679,10.857993628571423,9206.398999999998
4,80,46.52553265663868,16.894088428571422,13072.448999999999
4,82,53.845590040386405,20.447408628571417,16190.761
4,84,67.99988502515524,34.09474462857142,22567.961000000003
4,86,45.269922032773245,17.26099362857143,22423.685000000005
4,88,41.79940533343802,13.821958028571428,19557.822000000004
4,89,35.9869488771115,11.18625942857143,9618.624000000002
4,91,35.2502397433765,11.303746228571423,9327.852
4,93,42.52319500867023,13.101639028571421,11124.216
4,95,42.13395797298348,13.830644628571429,11647.476000000002
4,97,41.513669006081564,13.495817028571429,11347.637000000002
4,99,41.242798254857256,13.635273828571421,11566.548
4,101,46.60483562524068,15.50934502857142,13128.274000000001
4,103,42.390229677341466,14.71792142857142,13120.104000000001
4,105,45.788596107542276,15.783383028571421,13800.929000000002
4,107,49.35473320862099,17.781013028571422,14789.682
4,110,48.31825281070098,18.326741914285705,16515.072
4,111,44.73499126309278,15.484129628571422,14117.791000000003
4,113,43.492651164462856,15.249553628571421,13844.119000000002
4,116,49.72159171246498,23.899283857142855,19953.761
4,117,57.60993885034653,26.267267142857133,24073.332000000002
4,119,53.78355710746782,22.495145142857133,20381.568
6,0,11.52039641308839,4.432324085714285,3706.054
6,3,29.42038766915824,15.502053685714285,12224.680000000002
6,4,24.670501487768597,13.50569117142857,9963.712000000003
6,8,3.9555838258931284,2.5557568857142847,2142.248
6,10,16.95765213975552,6.721980485714284,5614.101000000001
6,12,41.54210084915195,25.631415485714285,10957.545000000002
6,14,49.8626816930388,22.45895165714285,20039.082
6,16,27.08946521088271,13.743138485714278,11140.694
6,18,23.347290573517586,11.098608485714282,9117.494
6,20,8.72255821694531,6.1739716857142835,5157.427
6,22,10.305737531698044,6.539054885714284,5461.663000000001
6,24,18.047753431531106,10.099994885714285,7242.133000000002
6,27,55.20761150499567,27.427802685714273,22114.308
6,28,47.48648310081822,21.965815742857135,20069.395999999997
6,30,46.6284088390585,20.97439265714285,18554.522999999997
6,32,42.31227058313142,17.50881168571428,14155.130000000001
6,34,40.82302874673812,16.14510648571428,13018.708999999999
6,36,28.539659957676207,13.750716485714282,11471.381
6,38,38.585578352478734,16.39727448571428,13866.826999999996
6,40,33.34272626393534,14.933556485714282,12457.080999999995
6,42,25.02145822010255,11.961208085714283,9980.123999999998
6,44,20.11634393088667,10.072228085714283,8405.974
6,46,26.401760815377227,12.783516485714282,10665.381
6,48,23.31668248215518,11.879756285714281,9881.852999999997
6,50,21.4544524115383,10.130273285714287,9484.796999999999
6,52,17.970936944977787,9.525521285714284,9068.989000000001
6,56,47.6142105127578,22.32992088571428,17886.855
6,59,57.584069703232686,29.012581685714274,22077.403000000002
6,61,49.56230748156314,23.670926485714283,18074.075999999997
6,63,43.77914850979305,17.53245168571428,14622.826999999997
6,65,36.62239843173964,15.74744688571428,13135.322999999999
6,67,29.30612935687438,14.256108485714282,11892.541
6,69,30.03756620964753,14.08444628571428,11324.743999999999
6,71,39.389796018903375,15.95014388571428,12931.826
6,73,40.543096361198934,16.193345485714282,13095.992999999999
6,75,33.28301742624407,14.413883885714284,11496.265999999998
6,77,40.5146400675513,15.903356485714284,13563.155999999999
6,80,42.87805048084274,18.56473048571428,15983.461
6,82,50.19810786459046,22.118050685714273,19101.773
6,84,64.3524028493593,35.765386685714276,25478.973
6,86,60.26288669917864,25.05652608571428,20892.889
6,88,56.79236999984341,21.61749048571428,18027.025999999998
6,89,46.71574296042769,18.74416208571428,15732.851
6,91,45.55624754631975,17.87869268571428,14419.839
6,93,52.00968413807003,19.072390885714285,15883.289999999997
6,95,52.439965775926744,20.557129885714282,16739.463
6,97,51.81967680902483,20.22230228571428,16439.624
6,99,51.54880605780052,20.210220285714275,16658.534999999996
6,101,56.910843428183945,22.084291485714274,18220.260999999995
6,103,52.69623748028473,21.292867885714273,18212.090999999997
6,105,56.09460391048554,21.754134885714283,18560.002999999993
6,107,58.84122233802079,23.751764885714284,19548.755999999994
6,110,58.624260613644246,24.901688371428556,21607.058999999994
6,111,55.04099906603604,22.05907608571427,19209.777999999995
6,113,53.79865896740612,21.82450008571427,18936.105999999996
6,116,59.11379339049838,28.944646714285717,24330.081000000006
6,117,67.91594665328978,32.60326528571428,29165.319000000003
6,119,64.08956491041108,28.83114328571428,25473.555
8,0,6.62132332059445,1.0228956000000002,2122.6814000000004
8,3,25.230889952128702,12.646001600000002,10443.143600000001
8,4,20.481003770739054,10.649639085714286,8182.1756000000005
8,6,8.317093162814082,2.5616011999999997,3198.5204
8,10,11.678719835127398,1.3280927999999999,2589.8534
8,12,34.659904733321554,20.237527800000002,7993.683000000002
8,14,45.67318397600927,19.47039797142857,17861.629599999997
8,16,22.89996749385317,10.887086399999996,9490.659199999998
8,18,19.157792856488044,8.2425564,6894.0164
8,20,4.533060499915767,3.317919599999999,3387.2519999999995
8,22,3.69042989065075,1.1451672000000002,2497.801
8,24,11.165557315700706,4.706107200000001,4278.271000000001
8,27,48.65388988530241,22.033915,18878.8656
8,28,43.29698538378869,18.977262057142855,17891.943599999995
8,30,42.43891112202897,17.98583897142857,16377.070599999997
8,32,38.12277286610188,14.520258,11977.6776
8,34,36.63353102970858,13.1565528,10841.256599999999
8,36,24.350162240646664,10.7621628,9293.9286
8,38,34.3960806354492,13.408720799999998,11689.374599999996
8,40,29.153228546905797,11.945002800000001,10279.628599999995
8,42,20.831960503073006,8.972654400000001,7802.6716
8,44,15.926846213857129,7.163361600000002,6182.496399999998
8,46,22.212263098347684,9.7949628,8487.9286
8,48,19.127184765125634,7.9468152,7431.143399999999
8,50,14.900730791845039,4.7363856,6288.7522
8,52,11.417215325284527,4.1316336,5833.5466
8,56,41.060488893064544,16.936033199999997,14651.4126
8,59,51.03034808353943,23.618694,18841.960600000002
8,61,45.372809764533606,20.6823728,15896.623599999997
8,63,39.5896507927635,14.543897999999999,12445.374599999996
8,65,32.43290071471009,12.7588932,10957.8706
8,67,25.116631639844837,10.636434000000001,9715.0886
8,69,25.848068492617983,10.151505199999997,8874.0344
8,71,35.20029830187382,12.017202799999998,10481.116399999999
8,73,36.35359864416939,12.260404399999997,10645.283399999997
8,75,28.827407705239327,9.428769200000001,9115.328
8,77,34.452134706346484,10.509468799999999,10604.2228
8,80,36.32432886114948,13.170842799999999,12748.0186
8,82,43.644386244897206,16.724163,15866.330600000001
8,84,57.79868122966603,30.371499000000004,22243.530600000006
8,86,56.07338898214908,22.0679724,18715.436599999994
8,88,52.602872282813856,18.628936799999998,15849.573599999994
8,89,42.52624524339814,15.435118099999999,13282.141399999999
8,91,41.3667498292902,13.945751599999998,11969.129400000002
8,93,47.39904488556889,13.6785032,13052.648
8,95,48.2504680588972,16.6241888,14288.753400000001
8,97,47.63017909199528,16.2893612,13988.9144
8,99,47.35930834077097,16.220356,14207.825399999998
8,101,52.7213457111544,18.0944272,15769.551399999997
8,103,48.50673976325518,17.303003599999997,15761.381399999998
8,105,51.90510619345599,16.3602472,15729.360999999999
8,107,54.230583085519655,18.3578772,16718.113999999994
8,110,54.4347628966147,20.91182408571428,19156.349399999996
8,111,50.8515013490065,18.069211799999994,16759.0684
8,113,49.60916125037657,17.834635799999994,16485.3964
8,116,53.051288029293566,23.55075902857143,21371.147800000002
8,117,63.31761898602169,27.209377599999996,25547.604600000002
8,119,59.425539595628045,23.437255599999997,21855.840600000003
10,0,10.737928840718507,2.9653116000000006,3496.1148000000007
10,3,39.276768097627695,15.131346000000006,13796.466
10,4,34.52688191623804,13.13498348571429,11535.498000000003
10,6,22.641970376824844,6.7725463999999995,6338.037200000001
10,8,7.587951784204517,1.3944108,2074.105
10,12,12.365568742637745,12.358896,4912.585800000001
10,14,59.46049652124238,21.026910771428568,20140.992000000002
10,16,36.945845639352164,12.6103068,11930.8876
10,18,32.97717320632651,10.350872800000003,9143.097200000002
10,20,18.57893864541477,5.5063320000000004,5505.7544
10,22,11.07356332741156,1.3739172,2471.0914
10,24,5.602802223416668,3.3885099999999992,2555.5665999999997
10,27,54.547645818825266,22.528196199999996,16500.6036
10,28,57.0842979290218,20.533774857142852,20171.306
10,30,56.22622366726208,19.542351771428567,18656.433
10,32,51.91008541133502,16.0767708,14272.7836
10,34,50.42084357494171,14.713065599999998,13136.362599999999
10,36,38.137474785879796,12.318675599999999,11589.034600000003
10,38,48.183393180682316,14.965233599999996,13968.737
10,40,42.94054109213892,13.5015156,12601.085799999997
10,42,34.56613653400105,10.39311,10097.7776
10,44,29.7462265636956,8.719874400000002,8431.577200000002
10,46,35.99957564358081,11.351475599999999,10783.0346
10,48,31.573816284608426,8.630011199999998,9071.2746
10,50,22.83579216387417,5.419581599999999,6004.5174000000015
10,52,16.34458068318038,4.625914799999999,5451.504599999999
10,56,46.9542448265874,17.430314399999997,12273.150599999999
10,59,56.924104017062284,24.112975199999997,16463.6986
10,61,59.16012230976672,22.2388856,18191.7296
10,63,53.376963337996635,16.100410799999995,14740.480599999999
10,65,46.22021325994322,14.315405999999998,13252.9766
10,67,38.90394418507797,11.31963,12010.1946
10,69,38.29470001210078,10.834701199999996,10563.803800000002
10,71,47.64692982135663,12.700398799999997,12170.885800000002
10,73,48.86402391937805,12.943600399999996,12440.294000000002
10,75,35.76236112776351,10.111965199999998,8951.640399999998
10,77,40.850231346276466,11.192664799999996,9660.0258
10,80,42.218084794672336,13.665123999999999,10369.756599999997
10,82,49.53814217842006,17.218444199999997,13488.068600000002
10,84,63.692437163188885,30.8657802,19865.268600000003
10,86,69.86070152738222,23.6244852,21010.5426
10,88,66.390184828047,20.1854496,18144.6796
10,89,54.972876762880944,16.1183141,14971.910800000003
10,91,53.81338134877301,14.628947599999996,13493.658000000001
10,93,55.33410625759802,14.361699199999997,12986.520800000002
10,95,60.697099578380005,17.307384799999998,15978.522800000002
10,97,60.07681061147809,16.972557199999997,15678.683800000003
10,99,59.80593986025378,16.903551999999998,15559.390000000003
10,101,65.1679772306372,18.777623199999997,17361.873800000005
10,103,60.95337128273799,17.986199599999996,16773.358400000005
10,105,60.1415417144666,17.0434432,15663.233800000005
10,107,62.16564445754879,19.0410732,16651.986800000002
10,110,66.8813944160975,21.59502008571428,20507.913999999997
10,111,63.298132868489304,18.752407799999993,18110.633
10,113,62.05579276985938,18.517831799999993,17509.3846
10,116,60.64132674825451,24.23395502857143,20698.514800000004
10,117,71.25268035805081,27.892573599999995,24300.868800000004
10,119,67.01557831458898,24.120451599999996,20609.1048
12,0,26.915021625685906,19.14222,13320.047666666671
12,3,53.37071765336441,27.595363399999986,17873.87766666667
12,4,48.62083147197475,25.984388485714277,15612.909666666668
12,6,38.79555096093959,22.345907600000004,14922.304333333335
12,8,23.388751065536315,16.967772000000004,9695.650333333337
12,10,12.358999183640044,12.358896,8994.527
12,14,69.91795411474754,32.216604771428564,22911.800666666666
12,16,50.0894705250038,24.64882259999999,16186.402999999997
12,18,45.91710361120089,23.096332199999992,13574.935000000003
12,20,31.81371873223413,18.820387799999992,10026.118666666667
12,22,26.35333776478116,16.947278400000002,8554.125666666667
12,24,5.520645466549695,5.516506,3115.3303333333333
12,27,10.758174576190394,10.625778000000004,9466.766666666668
12,28,67.49999818576786,31.72346885714285,22942.114666666665
12,30,66.68368126076724,30.732045771428567,21427.241666666665
12,32,63.33818939318271,27.72286119999999,18068.854666666666
12,34,61.848947556789405,26.63466719999998,16932.433666666664
12,36,49.56557876772749,24.604916399999997,15385.105666666665
12,38,58.64085077418749,26.154927599999994,16739.545666666665
12,40,53.3979986856441,24.463232399999992,15399.957666666663
12,42,45.396296795312345,22.431625799999992,13277.802666666668
12,44,41.25415374596223,21.522605399999993,12325.615
12,46,47.186725343395025,23.618411999999996,13386.963666666668
12,48,39.06528051377487,20.83627259999999,11859.028999999997
12,50,31.741025089866277,17.375800799999993,9148.389666666668
12,52,25.215090143175782,14.938239599999996,7184.7863333333335
12,56,18.666585155528878,18.262698000000007,10603.25566666667
12,59,13.184225504547916,12.126603000000005,10455.015000000001
12,61,69.61757990327189,33.14926279999999,24270.036666666663
12,63,62.351673160296954,27.010787999999987,17493.262999999995
12,65,56.45258803871103,25.27712279999999,16074.920333333333
12,67,45.51016716952165,22.028973599999993,13815.493
12,69,41.400060557120966,20.964831599999993,12712.786999999998
12,71,50.75229036637681,23.025803999999994,14319.868999999999
12,73,47.792838019031166,22.580535000000005,13754.583333333334
12,75,30.572140576808067,19.141408399999992,9981.866333333332
12,77,31.789841060889444,17.2791582,9876.588333333333
12,80,21.733039476608496,19.059692999999996,11036.301666666668
12,82,22.922679570271963,20.907676000000006,12704.586333333338
12,84,19.952558650674522,18.879408000000005,13856.585000000001
12,86,77.12842997981537,34.53486239999999,28030.108333333337
12,88,73.65791328048014,31.09582679999999,25164.245333333336
12,89,56.636262720118104,26.443719299999998,16916.177333333337
12,91,51.46258409064415,23.566744200000002,14874.203333333337
12,93,50.174201372264555,22.3987674,13900.889333333334
12,95,57.20278662904451,26.765370600000008,18276.505333333334
12,97,56.70997627645749,26.431830800000004,17117.489666666665
12,99,55.12072279770852,24.9406202,16248.079333333335
12,101,60.38897005108125,26.8146914,18211.06833333334
12,103,56.26815422019273,26.0232678,17801.635333333335
12,105,54.98163682913313,25.080511400000002,16577.602333333332
12,107,57.00573957221532,27.078141400000003,17566.355333333337
12,110,62.196177353552244,29.632088285714282,21196.603333333333
12,111,58.61291580594404,26.789475999999997,18799.322333333334
12,113,57.37057570731412,26.554899999999996,18525.650333333335
12,116,51.580936462867484,30.727794428571436,20982.968333333338
12,117,63.3426527263437,35.929641800000006,28437.91266666667
12,119,57.95518802920196,32.1575198,24249.541333333338
14,0,49.34719086841247,21.17856697142857,19300.597500000003
14,3,30.53312791144603,13.549229371428574,12405.047499999997
14,4,25.793573273799556,14.139556457142856,12744.240499999996
14,6,50.38943432906554,22.42416297142857,20344.586500000005
14,8,42.016292172353616,19.492304171428565,17770.9315
14,10,54.7844465950796,20.99996977142857,19329.246500000005
14,12,63.1993985839169,32.19848637142858,21883.618499999997
14,16,21.795421595144713,9.65109817142857,9304.7335
14,18,22.697991775874176,11.457851371428571,10225.663499999999
14,20,27.81859354356917,13.511861771428567,12911.6765
14,22,40.873346416981676,17.864932571428568,16520.580499999996
14,24,46.81346377421768,19.34436777142857,17181.080499999996
14,27,73.9575731601073,30.286654771428562,26286.027499999997
14,28,5.701299061340475,3.0283719999999996,3424.0255
14,30,2.3856683869090096,1.484559,1512.6795
14,32,4.388686694738844,2.9156661714285717,2879.0835
14,34,10.156996663514965,6.135971399999999,5388.856499999999
14,36,16.92858412424528,8.225358971428571,8116.6175
14,38,7.166489105445374,5.56011117142857,5773.4045
14,40,13.457565770796279,7.23844737142857,7263.3175
14,42,18.92442596587939,10.071609371428572,9332.018499999998
14,44,23.382566423139885,11.747818571428567,11304.694499999994
14,46,16.76779907078539,8.48369697142857,8301.0255
14,48,22.841598256889046,11.15899737142857,10587.445500000002
14,50,30.61559294074551,13.793334571428572,11602.839500000002
14,52,38.21368914654467,15.67823817142857,14125.9725
14,56,66.36417216786943,25.18877297142857,22058.574499999995
14,59,76.33403135834432,31.871433771428563,26249.122499999998
14,61,7.777123442085387,4.798482399999999,6374.2095
14,63,9.632076723949513,6.625141599999999,7870.6135
14,65,14.922862624938526,9.22385797142857,8237.3855
14,67,19.879504094431994,9.71822337142857,9329.7975
14,69,25.908016727739124,11.06002977142857,10447.969500000003
14,71,19.20643680920119,11.269389599999998,14594.1515
14,73,23.373581902535754,12.70690497142857,16284.5655
14,75,27.846650030877242,12.416021371428572,12354.158500000001
14,77,44.48392555221502,15.37906977142857,14823.3655
14,80,61.628012135954364,21.423582571428568,20155.180499999995
14,82,68.94806951970209,24.976902771428563,23273.492499999997
14,84,83.10236450447094,38.62423877142856,29650.692499999997
14,86,18.67314878363374,15.133165899999998,13101.732500000002
14,88,15.202632084298513,11.694130299999998,10235.869500000003
14,89,13.053834546739056,9.106805599999998,12793.8635
14,91,18.755400623931635,11.371609199999998,14679.3345
14,93,27.03840832743442,16.19014497142857,23643.368500000004
14,95,15.734871373689597,11.296885199999998,15904.792500000001
14,97,15.114582406787681,10.962057599999998,15604.953500000001
14,99,16.723673768706153,12.454884799999997,17145.925500000005
14,101,22.151366785834092,14.241839999999998,18722.5155
14,103,17.469694333939938,13.161247399999997,18323.196500000005
14,105,20.868060764140747,14.326255314285712,19788.065500000004
14,107,26.066399257946976,17.22241211428571,22785.7215
14,110,23.397717467299447,16.770067885714283,21718.1645
14,111,19.814455919691245,13.927455599999998,19320.883500000004
14,113,18.572115821061324,13.692879599999998,19047.211500000005
14,116,33.6061959062995,25.41739771428571,27233.006500000007
14,117,32.689403506945,24.710593114285707,29276.42450000001
14,119,28.863021764066293,20.938471114285708,25584.660500000005
16,0,34.37648798627495,12.407459199999998,10789.739399999999
16,3,6.002176724620966,1.0772659999999998,2395.9988
16,4,9.00606642441462,3.3403850857142854,3747.4108
16,6,35.41873144692802,13.653055199999999,11833.7284
16,8,27.045589290216107,10.831187199999999,9151.781
16,10,39.813743712942085,12.493704000000001,10723.0102
16,12,50.937762219778946,24.676692600000003,15799.1586
16,14,25.136932507980724,9.80822957142857,10304.003999999997
16,18,5.462786402413555,1.7058323999999998,1778.7514000000003
16,20,13.637595212853151,4.740754,4299.358
16,22,27.501841983319107,9.358666799999998,8278.026199999998
16,24,34.31083929222027,11.254894799999999,11096.6206
16,27,61.69593679596934,24.436542599999992,21022.8654
16,28,22.76073391576015,9.315093657142857,10334.317999999997
16,30,21.902659654000423,8.32367057142857,8819.444999999998
16,32,17.547517633324595,4.8580896,4498.769999999999
16,34,16.05827579693129,3.4943843999999995,3362.3489999999997
16,36,4.499971850200291,1.3759799999999998,2156.272
16,38,13.859829167420651,3.7465523999999997,4131.749
16,40,8.793661641064409,2.3074259999999995,2932.477
16,42,6.243936815896594,0.7323924000000002,2195.1839999999997
16,44,10.34222303526046,3.2415528,3339.6727999999994
16,46,7.820728888693877,2.6443199999999996,3069.106799999999
16,48,10.177794778722836,3.0230783999999997,4104.088999999999
16,50,18.112968458748096,4.971144,5645.713400000001
16,52,25.71106466454725,7.588765199999998,8168.846399999999
16,56,54.10253580373147,19.338660799999996,16795.412399999997
16,59,64.07239499420636,26.021321599999993,20985.9604
16,61,24.83655829650506,11.085204057142857,13284.501999999999
16,63,21.921654038807855,5.1850666,5573.03
16,65,15.282456106576129,3.9848025999999996,4572.81
16,67,11.752784191316708,4.000769999999998,4481.3876
16,69,19.751555953776254,5.209917599999998,5320.928999999999
16,71,28.380044894646268,6.432755999999999,6503.5384
16,73,29.624226554630102,6.856792799999999,6876.317
16,75,25.164596617642005,6.565909199999999,6684.496799999999
16,77,32.50057610731453,9.528957599999998,9153.703799999997
16,80,49.36637577181641,15.573470399999998,14892.018399999997
16,82,56.68643315556413,19.126790599999993,18010.3304
16,84,70.84072814033298,32.77412659999999,24387.530399999996
16,86,35.74919165708695,12.709140999999999,20014.912000000004
16,88,32.278674957751726,9.270105399999998,17149.049000000003
16,89,26.466218501425217,6.6344068,7209.851
16,91,31.68659592757484,8.542139999999998,8987.068
16,93,43.65960358053526,10.3400328,10577.5272
16,95,32.750324410219434,9.278792,10627.155999999999
16,97,32.13003544331752,8.943964399999999,10327.317
16,99,33.73912680523598,10.436791599999998,11868.289
16,101,39.16681982236393,12.223746799999999,13444.879
16,103,34.48514737046977,11.143154199999998,13045.560000000001
16,105,37.88351380067058,12.308162114285713,14510.429000000004
16,107,43.0818522944768,15.019406799999999,17508.085000000003
16,110,40.413170503829285,14.751974685714286,16440.528000000002
16,111,36.82990895622108,11.9093624,14043.247000000003
16,113,35.58756885759116,11.674786399999999,13769.575000000003
16,116,50.621648942829324,22.54677222857143,20064.689400000003
16,117,49.70485654347483,22.692499914285712,23998.788
16,119,45.87847480059612,18.920377914285712,20307.023999999998
18,0,26.024456142502675,9.770882399999998,8554.5716
18,3,7.453586452215708,3.2786256000000003,4168.694400000001
18,4,2.703700270826059,1.2822630857142854,2372.6711999999998
18,6,27.06669960315574,11.016478399999999,9598.5606
18,8,18.69355744644383,8.194610399999998,7068.126799999998
18,10,31.4617118691698,10.331258800000002,8639.356
18,12,41.797097885188826,22.954419200000004,13715.504400000005
18,14,26.592453958617583,10.950855571428573,10850.081199999997
18,16,2.7030035647236526,1.4484608000000003,2214.3212
18,20,4.496930878263035,2.1041772,2215.7038000000002
18,22,18.433404274461477,7.27506,6194.3719999999985
18,24,25.170174957630163,9.568211999999999,9012.966400000001
18,27,52.55527246137922,22.834474399999998,18751.6624
18,28,24.216255366397007,10.45771965714286,10880.395199999997
18,30,23.358181104637282,9.466296571428572,9365.522199999998
18,32,20.055026239465473,6.453638,5868.5648
18,34,19.031044960761808,5.0899328,4116.6968
18,36,7.294942712765705,2.7607952,2634.2683999999995
18,38,15.31535061805751,4.889178400000001,4677.8262
18,40,10.249183091701266,3.450052000000001,3478.5542
18,42,3.344645793038831,0.7160684,1577.2166000000002
18,44,1.2015587006703445,0.6563003999999998,1454.4999999999998
18,46,6.354598241718355,3.2010472000000005,3325.8540000000003
18,48,5.254118863397671,2.3821236,2946.3417999999997
18,50,8.972304124157981,3.2844612,3690.2519999999995
18,52,16.57040032995714,5.902082399999999,5960.3788
18,56,44.96187146914135,17.736592599999998,14524.209399999998
18,59,54.931730659616235,24.4192534,18714.757400000002
18,61,26.29207974714192,12.22783005714286,13830.579199999998
18,63,23.377175489444713,6.327692600000001,6232.5272
18,65,16.575235858080767,5.1274286,5134.8504
18,67,9.258966783215508,4.6736392,4553.014
18,69,11.975002590890023,4.586813599999999,4518.157
18,71,21.327232400145856,6.452511199999998,6125.239000000001
18,73,22.480532742441426,6.695712799999998,6289.406
18,75,16.039972481030016,5.149865999999999,5022.592
18,77,23.37595197070254,7.935307400000001,7491.798999999999
18,80,40.22571143722629,13.9714022,12620.815399999998
18,82,47.54576882097401,17.524722399999998,15739.127400000001
18,84,61.70006380574284,31.1720584,22116.327400000002
18,86,37.20471310772381,13.851766999999999,20560.989200000004
18,88,33.734196408388584,10.412731399999998,17695.126200000006
18,89,27.92173995206208,7.7770328,7815.022200000001
18,91,27.493683927562238,8.381059999999998,7613.252
18,93,34.766639192855976,10.1789528,9409.615999999998
18,95,34.2058458608563,10.421418,10221.9066
18,97,33.58555689395438,10.086590399999999,9922.0676
18,99,33.48624243904301,10.712587599999999,9851.948
18,101,38.84827980942644,12.586658799999999,11930.249600000001
18,103,34.63367386152722,11.795235199999999,11862.229600000002
18,105,38.03204029172803,12.8606968,12086.329000000002
18,107,41.59817739280674,14.858326799999999,13075.081999999999
18,110,40.56169699488674,15.404055685714287,15467.813000000004
18,111,36.978435447278535,12.5614434,13070.532000000003
18,113,35.73609534864861,12.3268674,12796.860000000002
18,116,41.96503589665073,20.976597628571433,18239.161000000004
18,117,49.853383034532285,23.34458091428571,23026.073
18,119,46.027001291653576,19.57245891428571,19334.309
20,0,12.447155913032379,4.854331200000001,5915.4178
20,3,14.30571922655198,7.0303464,6609.205600000001
20,4,9.55583304516233,5.022797485714287,4348.2376
20,6,13.489399373685444,6.0999272000000015,6963.712799999999
20,8,5.116257216973531,3.2780592000000004,3872.0121999999997
20,10,17.884411639699504,5.4998064,6029.8236
20,12,29.76189269147339,18.803635800000002,10979.521800000002
20,14,33.29086845361135,13.46452037142857,13767.894399999996
20,16,11.07183937426409,4.748707200000002,5602.6194000000005
20,18,6.791295395912725,2.104177200000001,2886.187600000001
20,22,6.091185191315836,2.3647692,3795.8261999999995
20,24,12.53812581953776,5.381838,6474.4090000000015
20,27,40.520067267663784,20.600023,16079.941200000001
20,28,30.914669861390777,12.971384457142857,13798.208399999998
20,30,30.056595599631052,11.979961371428569,12283.3354
20,32,25.74045734370396,8.5143804,7883.9424
20,34,24.251215507310654,7.1506752,6747.5214000000005
20,36,11.967846718248744,4.7562852,5200.193399999999
20,38,22.013765113051278,7.402843199999999,7595.6394
20,40,16.770913024507877,5.939125199999999,6185.893399999999
20,42,8.449644980675078,2.9667768,3708.9364
20,44,3.5445306914592027,1.0777968,2148.0676
20,46,9.829947575949763,3.7890851999999997,4394.193399999999
20,48,6.744869242727706,2.885324999999999,3427.7232000000004
20,50,2.785564626723014,0.5968271999999998,2381.3378000000002
20,52,5.123186017700329,1.7308307999999997,3539.5991999999997
20,56,32.92666627542592,15.502141199999997,11852.4882
20,59,42.89652546590081,22.184802,16043.036200000002
20,61,32.99049424213569,14.676495200000002,11802.8884
20,63,27.20733527036559,8.538020399999999,8351.639399999998
20,65,20.050585192312173,6.753015599999999,6864.135399999999
20,67,12.734316117446916,5.2616771999999985,5621.3534
20,69,13.465752970220057,5.090014999999998,4870.6142
20,71,22.81798277947589,6.955712599999998,6477.6962
20,73,23.97128312177146,7.198914199999997,6641.8632
20,75,16.71120418681661,5.289210799999998,4938.293
20,77,22.33696854122446,6.3699104,6771.921599999999
20,80,28.190506243510857,11.736950799999999,9949.0942
20,82,35.510563627258584,15.290271,13067.406200000001
20,84,49.664858612027416,28.937607000000003,19444.606200000002
20,86,43.69107345975117,16.0620948,14621.701399999996
20,88,40.220556760415946,12.623059199999998,11755.838399999997
20,89,30.14392972100023,9.7497308,9278.7212
20,91,28.984434306892275,8.884261399999996,7965.7092
20,93,35.28387872044687,9.538944800000001,9156.2012
20,95,35.868152536499274,11.562698599999997,10285.333200000001
20,97,35.24786356959736,11.227870999999997,9985.494200000001
20,99,34.97699281837304,11.215788999999997,10204.4052
20,101,40.33903018875647,13.089860199999997,11766.1312
20,103,36.12442424085725,12.298436599999997,11757.9612
20,105,39.52279067105806,12.220688800000001,11832.914200000003
20,107,42.115416920397635,14.2183188,12821.6672
20,110,42.05244737421677,15.907257085714285,15152.929200000002
20,111,38.469185826608566,13.064644799999998,12755.648200000001
20,113,37.22684572797864,12.830068799999998,12481.976200000001
20,116,40.93612186417154,19.411200628571432,17538.846600000004
20,117,51.20245282089967,23.0698192,22044.694
20,119,47.31037343050602,19.2976972,18352.93
22,0,16.000892657440378,5.298749399999999,5393.1726
22,3,28.913651784631316,12.167277600000004,9918.7916
22,4,24.16376560324167,10.170915085714288,7657.8236000000015
22,6,17.28297155571453,6.570181399999999,6458.691599999999
22,8,1.876171660311248,1.1920457999999996,1572.9281999999998
22,10,13.203874158007403,1.4327897999999994,2384.9023999999995
22,12,27.055303383343926,17.579226600000005,7609.759000000001
22,14,47.56713028563575,17.86363517142857,17027.878999999997
22,16,26.39591681000907,9.7917396,9091.424799999999
22,18,22.099554769835095,7.378462799999999,6497.4156
22,20,7.544885597738487,2.3430564,2621.195
22,24,3.560955965723086,3.1262748,3104.6462
22,27,43.476532720524105,19.3756138,15390.463399999999
22,28,45.190931693415166,17.370499257142853,17058.193
22,30,44.33285743165545,16.37907617142857,15543.319999999996
22,32,40.01671917572837,12.913495199999998,10896.3708
22,34,38.527477339335064,11.549789999999998,9759.949799999999
22,36,26.244108550273154,9.155399999999998,8212.621799999999
22,38,36.29002694507568,11.801957999999996,10696.137799999997
22,40,31.047174856532287,10.338239999999999,9198.321799999996
22,42,22.672770298394415,7.365891599999999,6721.3648
22,44,17.932683528507887,5.5565988,5200.3396
22,46,24.106209407974173,8.188199999999998,6987.943799999999
22,48,18.461397747800994,6.0086784,5534.804399999999
22,50,9.723373627066737,2.7982487999999996,2859.4464
22,52,5.258380712425512,1.4733323999999999,2193.6312
22,56,35.883131728286244,14.277732,11163.0104
22,59,45.85299091876113,20.9603928,15353.5584
22,61,47.266756074160085,19.075609999999998,14815.316799999997
22,63,41.48359710238999,12.937135199999997,11364.067799999995
22,65,34.32684702433658,11.152130399999997,9876.5638
22,67,27.010577949471326,8.698297199999999,8100.213000000001
22,69,25.182281475293344,8.213368399999998,6977.6954
22,71,34.53451128454918,10.079066,8584.7774
22,73,35.68781162684475,10.287193399999998,8748.944399999998
22,75,23.690517004450925,7.4119508000000005,6741.473799999998
22,77,29.274777541568184,8.4926504,7530.584399999998
22,80,31.146971696371182,10.5125416,9259.616399999997
22,82,38.467029080118905,14.0658618,12377.9284
22,84,52.62132406488773,27.7131978,18755.128399999998
22,86,57.96733529177557,20.461209599999997,17634.129799999995
22,88,54.49681859244034,17.022173999999996,14768.266799999994
22,89,41.8604582260735,13.4969813,11385.8024
22,91,40.70096281196556,11.972540599999999,10072.790400000002
22,93,42.22168772079059,11.661684800000002,10171.446399999997
22,95,47.58468104157256,14.6509778,12392.4144
22,97,46.96439207467064,14.3161502,12092.5754
22,99,46.69352132344633,14.2035376,12311.486399999998
22,101,52.05555869382976,16.0776088,13873.2124
22,103,47.840952745930544,15.2861852,13865.0424
22,105,47.029123177659166,14.343428800000002,12848.1594
22,107,49.053225920741355,16.341058800000003,13836.912399999997
22,110,53.76897587929006,18.895005685714285,17260.010399999996
22,111,50.18571433168186,16.0523934,14862.729400000002
22,113,48.943374233051934,15.817817400000001,14589.057400000002
22,116,47.87393086451526,21.533940628571433,18297.509400000003
22,117,58.14026182124339,25.192559199999998,21485.794400000002
22,119,54.24818243084974,21.4204372,17794.030399999996
24,0,18.919921585867158,8.082200800000003,8188.27175
24,3,38.70022714356426,14.172096800000006,13683.473
24,4,33.95034096217461,12.561121885714284,11422.505000000001
24,6,25.985787417226014,10.131121399999998,9579.47525
24,8,10.578987521822738,4.752985799999999,4814.6224999999995
24,10,6.453548482673993,3.38851,4235.478999999999
24,12,6.103892519082923,5.516505999999998,3604.4907500000013
24,14,57.07441579774991,19.32192077142857,19577.6355
24,16,36.182492168942005,11.225556000000005,12811.424999999997
24,18,31.886130128768038,9.673065599999997,10130.67525
24,20,17.14322822243397,5.364271199999999,6140.68
24,22,4.906353357955537,3.193206,3487.9169999999995
24,27,16.862067095273318,16.142284000000004,11992.955749999997
24,28,54.698217205529325,18.828784857142853,19607.9495
24,30,53.84014294376961,17.83736177142857,18093.0765
24,32,49.61506180042386,14.828177199999999,14351.271500000003
24,34,48.125819964030555,13.6228464,13214.8505
24,36,35.84245117496864,11.2284564,11667.522500000001
24,38,45.79731245718984,13.260243599999999,12783.931999999997
24,40,40.57466855792947,11.568548400000001,11667.992499999997
24,42,32.030074911096825,9.008359200000003,9561.052999999998
24,44,27.53102615320337,8.099338800000002,8668.521500000003
24,46,33.70455203266965,10.2612564,9293.653999999999
24,48,25.68680562079668,7.413006000000001,7952.985249999998
24,50,17.076588456306506,4.786016399999999,5381.08075
24,52,5.825791841365541,1.7221920000000002,2852.39975
24,56,24.7704776746118,13.704010799999999,9776.981
24,59,19.28811802363084,17.643109000000003,12340.483249999997
24,61,56.774041586274244,20.2545788,17861.990499999996
24,63,49.65393327373934,14.116104,13163.669749999995
24,65,43.754848152153414,12.3824388,12032.367999999999
24,67,32.81242728296404,9.1342896,9012.15775
24,69,28.88118981394319,8.604553399999999,8797.055
24,71,38.23341962319904,10.610432,10404.136999999999
24,73,39.38671996549459,10.426953799999998,10294.75925
24,75,25.05149511025837,7.3651376,6133.305999999999
24,77,26.26919559433975,8.158285600000001,6506.536750000001
24,80,26.591349190487353,9.9388204,7145.394749999998
24,82,29.026572089354886,13.492140600000003,11324.30375
24,84,26.056451169757448,24.395914,15742.053249999997
24,86,65.86438217223416,21.6401784,24225.437250000003
24,88,62.39386547289892,18.2011428,21359.574249999998
24,89,45.559366564723355,14.028347299999998,13128.393250000001
24,91,44.39987115061542,12.112300999999999,11025.643
24,93,44.65355590571486,11.6148716,10052.329
24,95,51.2835893802224,14.7907382,14267.64875
24,97,50.663300413320485,14.4559106,13645.6185
24,99,49.60007733115882,14.156724400000002,12399.519
24,101,54.86832458453156,16.0307956,14864.086749999999
24,103,50.74750875364303,15.239372000000001,13953.075
24,105,49.460991362583435,14.2966156,12729.042000000001
24,107,51.485094105665624,16.2942456,13717.795
24,110,56.67553188700255,18.848192485714286,17348.042999999998
24,111,53.09227033939435,16.0055802,14950.762000000002
24,113,51.84993024076442,15.771004200000002,14677.09
24,116,46.06029099631779,21.487127428571434,17612.916750000004
24,117,57.822007259794006,25.145745999999995,22575.180249999998
24,119,52.43454256265227,21.373623999999996,18697.1885
27,0,59.27925253501192,26.18461660000001,19539.604000000007
27,3,59.90210258904946,27.2610242,21334.223000000005
27,4,55.15221640765981,25.650049285714292,19073.255000000005
27,6,60.56133143328607,27.456048600000006,20605.123000000007
27,8,45.2212323848185,22.077913000000006,15009.028000000002
27,10,51.46910914419803,22.5807238,15462.660000000002
27,12,11.639872260316613,10.625778,7703.437999999999
27,14,73.24043553093199,30.245215371428575,35224.08600000001
27,16,56.62085546068885,24.314483400000004,19814.893000000004
27,18,52.44848854688595,22.761993000000007,17387.160000000003
27,20,38.34510366791918,20.6167954,13791.43
27,22,39.30886815883331,19.4198914,12794.010000000002
27,24,14.716264941420295,14.170272,8373.287
27,28,68.89712406251674,29.75207945714286,32593.742000000006
27,30,68.48695669051277,28.760656371428574,32138.736000000004
27,32,69.86957432886777,25.7514718,21551.690000000002
27,34,68.38033249247445,24.663277799999992,20415.269
27,36,56.09696370341254,22.630818600000005,18867.941
27,38,65.17223570987254,24.183538200000005,19741.237
27,40,59.929383621329144,22.491843000000003,18331.491000000005
27,42,51.93993473976008,22.097286600000007,16780.816
27,44,47.78553868164728,21.681388200000008,15868.940000000002
27,46,53.859951870276994,21.644314200000004,16612.983
27,48,45.59666544945993,19.287951000000007,14529.461000000001
27,50,38.27241002555133,18.533925400000005,12225.455000000002
27,52,31.746475078860833,16.734647200000005,10194.154000000002
27,56,7.908410579338484,7.636920000000002,5088.619000000001
27,59,2.4260509283575225,1.5008250000000003,2390.5490000000004
27,61,71.57729950039962,31.177873400000003,29156.188000000002
27,63,65.56492272459106,25.0393986,26433.73
27,65,60.62101529472286,22.870978200000007,17681.556000000008
27,67,52.0415521052067,20.161861800000004,16302.942000000003
27,69,45.9197564057141,18.320271000000005,13806.598000000004
27,71,54.73570120498818,20.381243400000006,15524.075000000004
27,73,49.18706275095872,19.808370600000007,14578.680000000004
27,75,36.37134431050028,16.399365000000003,12205.843000000003
27,77,33.184065792816995,14.506993800000004,10628.867000000002
27,80,6.679537675173118,6.2530230000000016,4687.766000000001
27,82,7.869177768836587,7.196294000000002,5631.037000000002
27,84,9.19438407448413,8.253630000000001,5792.119000000001
27,86,78.52555585656422,32.563473,31496.703
27,88,75.055039157229,29.1244374,28630.84
27,89,58.03338859686697,23.799158700000007,17861.875000000007
27,91,52.859709967393016,20.794579800000005,15868.522000000004
27,93,51.57132724901342,19.626603000000003,14895.208000000004
27,95,58.599912505793384,23.99320620000001,19399.061
27,97,58.107102153206355,23.659666400000006,17810.457000000006
27,99,56.51784867445739,22.168455800000004,17242.398000000005
27,101,61.786095927830125,24.042527000000003,20007.913000000008
27,103,57.6652800969416,23.2511034,18795.954000000005
27,105,56.378762705882,22.308347,17571.921000000002
27,107,58.402865448964185,24.305977000000002,18560.674000000003
27,110,63.59330323030112,26.859923885714284,22190.922000000002
27,111,60.010041682692915,24.0173116,19793.641000000003
27,113,58.76770158406299,23.7827356,19519.969000000005
27,116,52.975161194795035,27.955630028571438,21735.247000000003
27,117,64.73687745827125,33.1574774,31184.336000000003
27,119,59.349412761129514,29.385355399999998,26747.661000000004
28,0,47.83230431937771,21.05494262857143,20587.137250000003
28,3,29.018241362411274,13.146648628571432,13886.235749999994
28,4,24.278686724764803,13.736975714285713,14225.428749999995
28,6,48.87454778003078,22.300538628571427,21631.126250000005
28,8,40.50140562331886,19.368679828571423,19075.53375
28,10,53.269560046044845,20.87634542857143,20633.848750000005
28,12,61.684512034882154,31.795905628571433,23253.546499999997
28,14,4.85007552428015,2.9882535714285714,7923.657500000001
28,16,20.28053504610996,9.248517428571429,10576.530999999999
28,18,21.183105226839423,11.055270628571428,11706.851749999996
28,20,26.303706994534416,13.388237428571426,14198.21625
28,22,39.35845986794693,17.741308228571427,17808.56175
28,24,45.298577225182925,18.941787028571426,18551.008499999996
28,27,72.15181936918907,29.884074028571423,27096.91075
28,30,0.0478199999999999,0.0478199999999999,5210.75425
28,32,2.8738001457040934,2.5130854285714284,6102.5735
28,34,9.293928592642075,6.0548400285714274,7980.576499999999
28,36,15.413697575210527,7.822778228571428,9388.414999999999
28,38,5.651602556410623,5.157530428571427,7320.166249999999
28,40,11.942679221761528,6.835866628571427,8803.68825
28,42,17.409539416844638,9.669028628571429,10813.206749999998
28,44,21.867679874105132,11.624194228571426,12620.806999999993
28,46,15.252912521750641,8.081116228571426,9885.484250000001
28,48,21.326711707854297,10.756416628571428,11846.867
28,50,29.100706391710762,13.390753828571428,13167.388250000002
28,52,36.69880259750991,15.275657428571426,15495.900499999998
28,56,63.93973956246595,24.78619222857143,22971.705999999995
28,59,73.90959875294085,31.468853028571424,27162.254
28,61,2.0743794124339416,1.7701104,3698.52725
28,63,3.9293326942980666,3.5967696,6668.92125
28,65,9.40212092134508,7.868996699999999,9300.65375
28,67,18.364617545397245,9.315642628571426,10469.84825
28,69,20.20527269808768,10.657449028571426,11831.1835
28,71,13.503692779549745,8.2410176,12216.788249999998
28,73,17.67083787288431,10.269514399999998,13907.20225
28,75,22.143906001225794,12.013440628571429,13854.860500000003
28,77,39.48899805336714,14.976489028571427,17654.39225
28,80,59.20357953055089,21.02100182857143,21068.311999999994
28,82,66.52363691429862,24.574322028571423,24186.623999999996
28,84,80.67793189906747,38.22165802857142,30563.823999999997
28,86,12.473100985740729,10.786305600000002,12183.85625
28,88,9.002584286405504,7.347270000000002,9317.99325
28,89,7.351090517087609,6.0784336,10416.500249999997
28,91,13.052656594280188,8.343237199999999,12301.97125
28,93,21.335664297782973,14.688781999999998,21266.005250000002
28,95,10.03212734403815,8.2685132,13527.42925
28,97,9.411838377136235,7.9336856,13227.59025
28,99,11.020929739054706,9.4265128,14768.56225
28,101,16.448622756182647,11.213468,16345.152250000003
28,103,11.766950304288493,10.1328754,15945.833250000001
28,105,15.165316734489302,11.297883314285714,17410.702250000002
28,107,20.363655228295528,14.194040114285713,20408.35825
28,110,17.694973437648006,13.741695885714288,19340.80125
28,111,14.111711890039805,10.8990836,16943.52025
28,113,12.86937179140988,10.6645076,16669.848250000003
28,116,27.903451876648052,22.389025714285715,24855.643250000005
28,117,26.986659477293557,21.682221114285714,26899.061250000006
28,119,23.160277734414848,17.910099114285714,23207.297250000003
30,0,46.5177891594883,19.573475657142858,18081.620000000006
30,3,27.703726202521864,11.94413805714286,11186.069999999998
30,4,22.964171564875393,12.53446514285714,11525.262999999997
30,6,47.56003262014137,20.819071657142857,19125.609000000008
30,8,39.18689046342945,17.887212857142856,16551.954
30,10,51.955044886155434,19.394878457142855,18110.269000000004
30,12,60.36999687499274,30.593395057142864,20664.641
30,14,3.234272853980302,1.484559,2037.2343333333336
30,16,18.96601988622055,8.046006857142856,8085.7559999999985
30,18,19.868590066950013,9.852760057142856,9006.686
30,20,24.989191834645005,11.906770457142855,11692.699
30,22,38.043944708057516,16.259841257142856,15301.603000000003
30,24,43.98406206529351,17.739276457142857,15962.102999999996
30,27,71.12817145118314,28.681563457142847,25067.049999999992
30,28,0.738353372712466,0.453304,1525.7266666666667
30,32,1.559284985814683,1.310574857142857,1826.6899999999998
30,34,7.771328276605955,4.651412399999999,4924.749666666666
30,36,14.099182415321117,6.620267657142857,6897.639999999999
30,38,4.337087396521213,3.955019857142856,4554.426999999999
30,40,10.628164061872118,5.633356057142856,6044.339999999999
30,42,16.095024256955227,8.466518057142856,8113.041
30,44,20.553164714215722,10.142727257142855,10085.716999999995
30,46,13.938397361861231,6.878605657142857,7082.047999999999
30,48,20.012196547964887,9.553906057142857,9368.467999999999
30,50,27.786191231821345,12.188243257142858,10383.862
30,52,35.38428743762049,14.073146857142856,12906.994999999995
30,56,63.53477045894526,23.583681657142854,20839.596999999994
30,59,73.50462964942015,30.266342457142848,25030.144999999993
30,61,2.8142741316125264,2.2234144000000002,4475.910666666667
30,63,4.669227413476651,4.0500736,6488.3240000000005
30,65,10.142015640523663,7.6187666571428565,7785.292666666665
30,67,17.050102385507834,8.113132057142856,8110.819999999999
30,69,20.945167417266262,9.454938457142855,9228.992
30,71,14.243587498728328,8.694321600000002,12695.852666666664
30,73,18.410732592062892,10.722818400000001,14386.266666666665
30,75,22.88380072040438,10.810930057142858,11135.180999999999
30,77,40.228892772545734,13.773978457142857,14531.710000000001
30,80,58.7986104270302,19.818491257142853,18936.202999999994
30,82,66.11866781077792,23.371811457142847,22054.514999999996
30,84,80.27296279554677,37.01914745714285,28431.714999999997
30,86,16.287480396724728,12.5580979,12141.728333333338
30,88,12.816963697389504,9.1190623,9275.865333333337
30,89,8.090985236266194,6.5317376000000005,10895.564666666663
30,91,13.792551313458771,8.796541200000002,12781.035666666665
30,93,22.07555901696156,14.585053657142854,21745.069666666666
30,95,10.772022063216735,8.7218172,14006.493666666667
30,97,10.15173309631482,8.3869896,13706.654666666667
30,99,11.76082445823329,9.879816799999999,15247.626666666669
30,101,17.18851747536123,11.666772,16824.21666666667
30,103,12.506845023467077,10.586179399999999,16424.897666666668
30,105,15.905211453667887,11.751187314285714,17889.766666666666
30,107,21.103549947474114,14.647344114285712,20887.422666666665
30,110,18.434868156826592,14.194999885714287,19819.865666666665
30,111,14.85160660921839,11.3523876,17422.584666666666
30,113,13.609266510588466,11.1178116,17148.912666666667
30,116,28.64334659582664,22.842329714285714,25334.70766666667
30,117,27.726554196472144,22.135525114285713,27378.12566666667
30,119,23.900172453593434,18.363403114285713,23686.361666666668
32,0,42.24641709253618,16.210815599999997,15367.752999999999
32,3,21.836377878927433,8.581477999999999,8407.314666666665
32,4,18.692799497923264,9.434940285714283,8811.395999999999
32,6,43.288660553189246,17.4564116,16411.742000000002
32,8,34.915518396477324,14.524552799999997,13838.087
32,10,47.68367281920331,16.032218399999998,15396.402000000002
32,12,56.17372676777254,27.6486474,18036.246666666662
32,14,10.195532308509383,3.1242438,5461.94
32,16,12.39099398818654,4.6833468,5072.437666666667
32,18,15.597217999997884,6.753235199999999,6292.8189999999995
32,20,20.717819767692877,8.5441104,8978.832
32,22,33.772572641105384,12.897181199999997,12587.736000000003
32,24,39.78779195807333,14.7945288,13333.708666666664
32,27,66.93190134396293,25.73681579999999,22438.65566666667
32,28,7.835941735322346,2.7111945999999993,5494.178666666667
32,30,6.961259454529082,1.6396848,3977.381
32,34,0.23644162176553257,0.1863504,2019.0893333333331
32,36,7.524156517287105,3.2576076,3884.3216666666667
32,38,2.7778024107065296,1.0841720000000004,2185.044999999999
32,40,8.314028401475827,2.6886084000000006,3652.282666666666
32,42,11.8236521900031,5.3234015999999995,5399.174
32,44,16.281792647263593,6.7800671999999995,7371.8499999999985
32,46,10.210854391879815,3.9338580000000003,4555.570666666666
32,48,15.757510152829342,6.609158399999999,6824.418666666666
32,50,23.58992112460115,8.961324,7755.467666666666
32,52,31.188017330400307,11.128399199999999,10278.600666666665
32,56,59.33850035172507,20.638934,18211.202666666664
32,59,69.30835954219997,27.321594799999993,22401.75066666667
32,61,9.911766116067259,4.481304999999999,8444.362666666666
32,63,11.55810996751973,4.9007819999999995,6464.546666666666
32,65,7.785257647176376,4.0431707999999995,4976.782666666666
32,67,14.14552098891371,5.168384400000001,5612.8769999999995
32,69,22.833438434865883,6.510190799999999,6694.199333333331
32,71,21.34107948318306,7.7330292,13609.912999999995
32,73,25.508224576517623,8.157066000000002,15300.326999999996
32,75,29.981292704859108,7.8661824000000005,8651.336000000001
32,77,37.591315861215485,10.8292308,11120.542999999996
32,80,54.602340319810004,16.873743599999997,16307.808666666664
32,82,61.92239770355773,20.427063799999992,19426.120666666666
32,84,76.07669268832659,34.074399799999995,25803.320666666667
32,86,18.218349543546562,12.4248564,14717.844000000003
32,88,14.747832844211336,8.985820799999999,11851.981000000002
32,89,15.188477220720925,6.692775,11975.870333333332
32,91,20.890043297913504,8.9347638,13767.774666666664
32,93,29.17305100141629,11.640306000000002,25713.521666666667
32,95,17.869514047671462,9.3371602,17974.945666666667
32,97,17.24922508076955,9.002332599999999,17675.10666666667
32,99,18.85831644268802,10.495159799999998,19216.078666666668
32,101,24.286009459815958,12.282115,20792.66866666667
32,103,19.604337007921806,11.201522399999998,20393.349666666672
32,105,23.002703438122616,12.366530314285713,21858.218666666668
32,107,28.201041931928845,15.262687114285711,24855.874666666667
32,110,25.532360141281316,14.810342885714286,23788.317666666666
32,111,21.949098593673114,11.9677306,21391.036666666667
32,113,20.706758495043193,11.733154599999999,21117.364666666672
32,116,35.74083858028136,23.45767271428571,29303.159666666674
32,117,34.82404618092687,22.750868114285712,31346.577666666675
32,119,30.99766443804816,18.978746114285713,27654.813666666672
34,0,40.8094510023889,14.848993199999997,12683.378333333332
34,3,20.399411788780156,7.219655599999999,5593.163333333333
34,4,17.255833407775985,8.073117885714286,6127.021333333333
34,6,41.851694463041966,16.094589199999998,13727.367333333334
34,8,33.47855230633005,13.1627304,11153.712333333331
34,10,46.24670672905603,14.670396,12712.027333333332
34,12,54.73676067762526,26.549481,15522.817333333332
34,14,13.753022674026049,6.131107799999999,5941.158666666666
34,16,10.954027898039264,3.3215244000000004,2626.7233333333334
34,18,14.160251909850608,5.3914127999999995,3608.444333333333
34,20,19.280853677545604,7.182287999999999,6294.457333333332
34,22,32.33560655095811,11.5353588,9903.361333333334
34,24,38.35082586792605,13.695362399999997,10820.279333333332
34,27,65.49493525381565,24.637649399999994,19925.226333333336
34,28,11.393432100839009,5.718058599999999,5974.359666666666
34,30,10.518749820045747,4.646548799999999,4456.599666666666
34,32,0.30567791653164794,0.1814868,735.7146666666666
34,36,6.087190427139827,1.8957851999999997,1438.6073333333327
34,38,3.0879197882607747,0.8978216000000001,1181.6756666666665
34,40,6.877062311328549,2.3964503999999995,1755.1806666666664
34,42,10.386686099855824,3.9615791999999996,2714.799333333333
34,44,14.844826557116319,5.4182448,4687.475333333335
34,46,8.773888301732537,2.8733075999999995,2253.2093333333332
34,48,14.320544062682066,5.509991999999998,4479.679333333334
34,50,22.15295503445387,7.5995016,5242.038333333333
34,52,29.751051240253027,10.029232799999996,7765.171333333332
34,56,57.90153426157779,19.539767599999998,15697.773333333333
34,59,67.87139345205269,26.222428399999995,19888.321333333337
34,61,13.469256481583923,7.488168999999999,8924.543666666666
34,63,11.608213589133497,3.5389595999999997,3132.427333333333
34,65,6.348291557029098,2.681348399999999,2417.751333333333
34,67,12.708554898766431,4.201876799999999,3360.3503333333333
34,69,21.396472344718603,5.411024399999998,4367.973333333332
34,71,22.068980572902152,6.633862799999998,6528.790333333333
34,73,26.38564057110819,7.057899599999999,8219.204333333333
34,75,28.81837028139568,6.767015999999999,6427.0053333333335
34,77,36.154349771068205,9.730064399999998,8896.212333333331
34,80,53.165374229662724,15.774577199999998,13794.37933333333
34,82,60.48543161341045,19.327897399999994,16912.691333333332
34,84,74.63972659817931,32.97523339999999,23289.891333333337
34,86,21.775839909063226,11.063033999999998,14969.560666666666
34,88,18.305323209728,7.623998399999998,12103.697666666669
34,89,17.244096801247885,5.330952599999999,5054.792333333334
34,91,22.464474227397506,7.5729413999999995,6832.0093333333325
34,93,32.73054136693296,10.5411396,23874.107999999997
34,95,21.42700441318813,7.975337799999998,16135.532
34,97,20.806715446286216,7.640510199999999,15835.693
34,99,22.41580680820469,9.133337399999998,17376.665
34,101,27.843499825332625,10.9202926,18953.255
34,103,23.161827373438474,9.839699999999999,18553.936
34,105,26.560193803639283,11.004707914285714,20018.805
34,107,31.758532297445512,13.900864714285714,23016.461
34,110,29.089850506797983,13.448520485714287,21948.904
34,111,25.50658895918978,10.6059082,19551.623
34,113,24.26424886055986,10.3713322,19277.951
34,116,39.29832894579803,22.095850314285716,27463.746000000003
34,117,38.38153654644354,21.38904571428571,29507.164000000008
34,119,34.55515480356483,17.61692371428571,25815.400000000005
36,0,32.34287124040618,12.443632799999998,11282.178249999997
36,3,13.467236128444089,5.1238212,4234.324
36,4,8.78925364579327,5.512835085714286,4725.821249999999
36,6,33.385114701059244,13.689228799999999,12326.167249999999
36,8,25.011972544347334,10.757369999999998,9752.51225
36,10,37.780126967073315,12.265035600000001,11310.82725
36,12,46.70849526535858,24.5347242,14287.556250000001
36,14,19.13283470598437,8.20963037142857,8696.0425
36,16,4.021852237703196,1.3893564,1393.8185000000003
36,18,5.693672147867893,2.83113,2207.2442499999997
36,20,10.814273915562891,4.776927599999999,4893.25725
36,22,23.8690267889754,9.129998399999998,8502.161250000001
36,24,30.08157233779991,11.535303599999999,9585.01825
36,27,57.46666984154897,22.622892599999997,19036.94725
36,28,16.756636113763793,7.716494457142856,8726.3565
36,30,15.898561852004068,6.72507137142857,7211.4835
36,32,11.543419831328238,3.2594903999999993,3148.22025
36,34,10.054177994934934,1.8957851999999997,1777.0149999999999
36,38,7.855731365424294,2.1479532,2523.7875
36,40,2.7895638390680513,0.7088267999999999,1324.5155
36,42,1.9201063378731078,1.444888,1199.66275
36,44,6.378246795133602,3.0128844,3286.2752499999997
36,46,2.6866978745927095,0.7081092,1354.77325
36,48,5.8539643006993485,3.2561268000000005,2548.4522500000003
36,50,13.883701504327728,5.1941412,4006.77725
36,52,21.481797710126884,7.869173999999998,6529.91025
36,56,49.8732688493111,17.525010799999997,14809.49425
36,59,59.84312803978599,24.207671599999998,19000.042250000002
36,61,18.832460494508705,9.486604857142856,11676.540500000001
36,63,15.9175562368115,3.5864673999999996,3965.0685000000003
36,65,9.278358304579772,2.3862034,2964.8484999999996
36,67,6.621364471626604,2.3060915999999994,2667.629
36,69,14.687748967767854,3.396267599999999,3500.58775
36,71,23.316237908637866,4.6191059999999995,4577.079000000001
36,73,24.5604195686217,5.043142799999997,5002.010499999999
36,75,20.840766139618523,4.752259199999998,5196.94975
36,77,28.176745629291048,7.715307599999998,7666.15675
36,80,45.13710881739604,13.759820399999999,12906.100249999998
36,82,52.457166201143764,17.313140599999997,16024.412250000001
36,84,66.61146118591259,30.960476599999996,22401.61225
36,86,29.745093855090595,11.1105418,18406.950500000006
36,88,26.27457715575537,7.671506199999998,15541.087500000001
36,89,20.462120699428862,5.035807599999999,5601.889499999999
36,91,25.68249812557848,6.728489999999998,7232.8215
36,93,38.04976356196791,8.526382799999999,8011.741250000001
36,95,26.746226608223076,7.680192799999999,9019.194499999998
36,97,26.125937641321162,7.345365199999999,8719.355499999998
36,99,27.735029003239635,8.838192399999999,9936.717
36,101,33.16272202036757,10.6251476,11836.9175
36,103,28.48104956847342,9.544554999999999,11437.5985
36,105,31.87941599867423,10.709562914285714,12902.4675
36,107,37.07775449248045,13.205756799999998,15900.1235
36,110,34.40907270183293,13.153375485714287,14832.566500000003
36,111,30.825811154224727,10.3107632,12435.285500000002
36,113,29.583471055594806,10.0761872,12161.613500000003
36,116,44.61755114083298,20.733122228571432,19598.831000000002
36,117,43.70075874147849,21.093900714285713,22390.826500000003
36,119,39.87437699859978,17.321778714285713,18699.0625
38,0,41.51587655065164,15.085584399999997,13174.174249999996
38,3,22.701813593685205,7.456246799999999,6278.62425
38,4,17.962258956038728,8.046573885714285,6617.81725
38,6,42.55812001130471,16.331180399999997,14218.163249999998
38,8,34.18497785459279,13.399321599999999,11644.508249999999
38,10,46.95313227731877,14.9069872,13202.82325
38,12,55.368084266156075,26.1055038,15801.234250000001
38,14,10.732727128730595,5.577269371428572,8255.714
38,16,13.964107277383889,3.5581156,3178.3102500000005
38,18,14.866677458113347,5.364868799999999,4099.24025
38,20,19.98727922580834,7.418879199999998,6785.253249999999
38,22,33.04203209922085,11.771949999999999,10394.15725
38,24,38.98214945645686,13.251385199999998,11098.696249999999
38,27,66.12625884234647,24.193672199999995,20147.792
38,28,8.356528536510016,5.084133457142857,7370.991000000001
38,30,7.4984542747502925,4.092710371428572,6370.957250000001
38,32,3.852496941602115,1.009626,1859.98225
38,34,3.212641227912453,0.8973095999999999,1244.97325
38,36,9.097269806484455,2.1323764,1990.1942499999996
38,40,5.6262514530354535,1.1454648,1255.25925
38,42,11.093111648118564,3.9786268,3205.5952500000003
38,44,15.551252105379058,5.6548359999999995,5178.271250000001
38,46,8.936484753024565,2.3907144,2164.61975
38,48,15.01028393912822,5.066014799999999,4312.105750000001
38,50,22.784278622984683,7.700351999999999,5466.433749999999
38,52,30.38237482878384,9.585255599999996,8043.58825
38,56,58.5328578501086,19.0957904,15920.339
38,59,68.50271704058349,25.778451199999996,20110.887000000002
38,61,10.43235291725493,6.854243857142858,6805.103750000001
38,63,7.452428842626686,1.288542,4725.51025
38,65,2.192506810522288,0.4309308,1976.2437500000003
38,67,12.048189776671169,3.084853200000001,3017.5360000000005
38,69,21.835424643860396,4.967047199999999,4409.3324999999995
38,71,17.913195826395345,5.220304200000002,10887.63175
38,73,22.229855824601383,6.6139224,12578.04575
38,75,29.31663174478165,6.3230388,6315.521500000002
38,77,36.65261123445418,9.286087199999999,8784.7285
38,80,53.796697818193536,15.330599999999999,14016.945
38,82,61.11675520194126,18.883920199999995,17135.256999999998
38,84,75.27105018671011,32.5312562,23512.457000000002
38,86,21.34498627783682,8.8126164,11579.715250000001
38,88,17.874469578501596,5.373580799999999,8713.85225
38,89,13.088312054741078,3.0805350000000007,9250.48875
38,91,18.3086894808907,5.322523800000001,11081.832749999998
38,93,29.67831356871149,10.0971624,22174.68075
38,95,18.374776614966663,5.7249202,14436.104749999999
38,97,17.75448764806475,5.3900926,14136.265749999999
38,99,19.363579009983223,6.8829198,15677.23775
38,101,24.79127202711116,8.669875,17253.82775
38,103,20.109599575217008,7.5892824,16854.50875
38,105,23.507966005417817,8.754290314285715,18319.37775
38,107,28.706304499224046,11.650447114285715,21317.033750000002
38,110,26.037622708576517,11.198102885714288,20249.47675
38,111,22.454361160968315,8.355490600000001,17852.19575
38,113,21.212021062338394,8.1209146,17578.52375
38,116,36.24610114757657,19.845432714285717,25764.318750000002
38,117,35.329308748222076,19.138628114285716,27807.736750000007
38,119,31.502927005343363,15.366506114285714,24115.97275
40,0,34.59545140216456,13.502775599999998,11938.605749999995
40,3,15.781388445198125,5.873438,5043.0557499999995
40,4,11.041833807551644,6.463765085714286,5382.248750000001
40,6,35.637694862817625,14.748371599999999,12982.594749999997
40,8,27.26455270610571,11.816512799999998,10408.939749999998
40,10,40.03270712883169,13.324178400000001,11967.254749999998
40,12,48.96107542711695,24.3958722,14655.12875
40,14,16.343270866916317,7.500803571428571,7707.117750000001
40,16,7.043682128896809,1.9753068000000003,2102.14475
40,18,7.946252309626269,3.7820600000000004,2863.6717500000004
40,20,13.066854077321269,5.836070399999999,5549.6847499999985
40,22,26.121606950733774,10.1891412,9158.58875
40,24,32.33415249955828,11.541753599999998,9952.59075
40,27,59.719250003307344,22.484040599999997,19231.02875
40,28,13.96707227469574,7.007667657142856,7737.431750000002
40,30,13.108998012936016,6.016244571428571,6222.558750000001
40,32,8.165614326279904,3.00706,2575.22675
40,34,6.676372489886601,2.0093424,1411.84475
40,36,2.176844657997375,0.5495675999999999,754.62575
40,38,5.066167526356242,1.4391264000000001,1534.86275
40,42,4.172686499631483,2.3958180000000002,1970.02675
40,44,8.630826956891978,4.0720272,3873.1807500000004
40,46,2.55370637828148,0.6810828,914.71625
40,48,8.106544462457725,3.3563831999999993,3054.1572499999993
40,50,16.136281666086102,5.990720399999999,4374.349749999999
40,52,23.734377871885258,7.8756239999999975,6897.48275
40,56,52.12584901106948,17.386158799999997,15003.575749999996
40,59,62.09570820154436,24.068819599999998,19194.123750000002
40,61,16.042896655440654,8.777778057142857,10687.615750000003
40,63,13.127992397743448,2.8776406,2976.14375
40,65,6.167706653592797,1.6773765999999999,1944.4575
40,67,5.665411401928082,1.9156092,1963.0805
40,69,15.452646269117311,3.257415599999999,3053.61525
40,71,22.497440632015074,4.4802539999999995,4124.981250000001
40,73,25.325316869971157,4.904290799999997,4549.133249999999
40,75,22.933853370038566,4.613407199999998,5232.155750000001
40,77,30.26983285971109,7.576455599999998,7705.8904999999995
40,80,47.389688979154414,13.620968399999999,13100.181749999996
40,82,54.70974636290214,17.174288599999997,16218.49375
40,84,68.86404134767096,30.821624599999996,22595.69375
40,86,26.955530016022543,10.401715,17049.98325
40,88,23.48501331668732,6.962679399999999,14184.120250000004
40,89,17.672556860360807,4.3269808,4635.412
40,91,22.892934286510428,6.568969600000001,6412.629
40,93,35.260199722899856,8.387530799999999,7438.000250000001
40,95,23.95666276915502,6.971366,8052.717000000001
40,97,23.336373802253107,6.6365384,7752.878000000001
40,99,24.94546516417158,8.1293656,9293.85
40,101,30.373158181299516,9.9163208,10870.439999999999
40,103,25.691485729405365,8.8357282,10471.121000000001
40,105,29.089852159606174,10.000736114285715,11935.990000000002
40,107,34.2881906534124,12.896892914285715,14933.646
40,110,31.619508862764874,12.444548685714288,13866.089000000004
40,111,28.036247315156672,9.601936400000001,11468.808000000005
40,113,26.79390721652675,9.3673604,11195.136000000002
40,116,41.82798730176492,20.594270228571432,19380.931
40,117,40.91119490241043,20.385073914285712,21424.349000000002
40,119,37.08481315953172,16.612951914285713,17732.585
42,0,27.993712578262716,10.411148399999997,9202.03175
42,3,11.60870194556664,3.678933200000001,4859.2654999999995
42,4,6.86914730792016,4.067947085714285,4548.41825
42,6,29.03595603891578,11.656744399999997,10246.020750000001
42,8,20.66281388220387,8.7248856,7672.36575
42,10,33.43096830492985,10.232551200000001,9230.68075
42,12,42.30076193232615,22.515190200000006,13165.773250000002
42,14,23.35009452137281,10.279167971428574,10817.359499999999
42,16,2.999246162578941,0.7323924000000004,2406.42
42,18,3.773565809994785,1.3862419999999998,2011.97525
42,20,6.465115253419427,2.7444432,2813.1107500000007
42,22,19.519868126831934,7.097514,6422.01475
42,24,25.67383900476748,9.093392399999999,8463.235250000002
42,27,53.05893650851654,22.359654799999998,18262.146249999998
42,28,20.973895929152235,9.78603205714286,10847.673499999999
42,30,20.11582166739251,8.794608971428573,9332.8005
42,32,16.8126668022207,5.7819503999999995,5470.151249999999
42,34,15.788685523517035,4.418245199999999,3864.16175
42,36,4.052583275520932,2.0891076,2399.65375
42,38,12.072991180812737,4.217490800000001,4645.1045
42,40,7.006823654456494,2.7783644000000005,3393.214
42,44,2.0290881329901396,0.9804,1294.847
42,46,2.1647684048860327,1.2528971999999998,2174.2332499999998
42,48,1.4462309676669194,0.8615759999999998,1778.678
42,50,9.4759681712953,2.8096415999999995,2884.9942499999997
42,52,17.074064377094455,5.4272627999999985,5408.1272500000005
42,56,45.46553551627867,17.261773,14034.693249999998
42,59,55.435394706753556,23.9444338,18225.24125
42,61,23.049720309897147,11.55614245714286,12561.4815
42,63,19.542156099301856,5.656005,5722.61875
42,65,12.385406021248443,4.2168275999999985,4356.93575
42,67,5.069136946383185,2.7254891999999997,3401.3932499999996
42,69,12.368062916446098,3.6633743999999995,3875.1490000000003
42,71,21.696397649712743,4.8862128,5095.819750000001
42,73,22.8735930679975,5.3102496,5457.314
42,75,16.43303280658609,4.675046399999999,4488.41775
42,77,23.769012296258616,7.460487800000001,6756.466249999999
42,80,40.72937548436361,13.496582600000002,12131.299249999998
42,82,48.04943286811133,17.049902799999998,15249.611249999998
42,84,62.203727852880164,30.697238799999997,21626.81125
42,86,33.96235367047904,13.1800794,18313.992250000003
42,88,30.49183697114381,9.7410438,15448.129250000002
42,89,24.05461896925223,7.1053451999999995,7136.8279999999995
42,91,27.862849177129128,6.9955968,6729.330750000001
42,93,35.159699518412054,8.793489600000001,8875.44175
42,95,30.338724878046442,9.674034,9951.45975
42,97,29.718435911144528,9.3392064,9651.62075
42,99,31.327527273063,9.3271244,9208.94
42,101,36.75522029019094,11.2011956,12434.9515
42,103,32.07354783829679,10.409772,12133.419750000001
42,105,35.4719142684976,11.475233600000001,11977.705000000002
42,107,40.670252762303825,13.4728636,15814.47975
42,110,38.00157097165631,14.018592485714288,15528.387750000004
42,111,34.418309424048104,11.175980200000001,13131.106750000003
42,113,33.17596932541818,10.941404200000001,12857.434750000002
42,116,42.358096222206804,20.501778028571433,17513.609750000003
42,117,47.293257011301854,21.959117714285714,23086.647750000004
42,119,43.466875268423145,18.186995714285715,19394.88375
44,0,24.957620679516022,8.839298399999999,8071.0412
44,3,9.66543438491033,5.5512624,6138.356200000001
44,4,4.915548203520681,3.5437134857142856,3877.3882
44,6,25.999864140169088,10.0848944,9115.030200000001
44,8,17.626721983457177,7.073348399999999,6541.390799999999
44,10,30.394876406183148,8.581014,8099.705799999999
44,12,39.23617870933332,21.392189600000002,12085.924
44,14,27.824228298673,11.837572771428572,11563.842199999996
44,16,6.374162785276848,3.2696232000000007,3715.0802000000003
44,18,2.2017958714739323,0.6556571999999998,1287.3472
44,20,3.4290233546727293,1.1725932,1682.1202
44,22,16.385908264098884,5.4459767999999995,5334.862999999999
44,24,22.609255781774657,8.005982399999997,7383.386
44,27,49.994353285523715,21.272244800000003,17182.297000000002
44,28,25.448029706452424,11.344436857142858,11594.156200000001
44,30,24.5899554446927,10.353013771428571,10079.283199999996
44,32,20.273817188765605,6.887432800000001,5679.890199999999
44,34,18.7845753523723,5.523727600000001,4543.4692000000005
44,36,6.501206563310391,3.1293376000000004,2996.1412
44,38,16.547124958112924,5.775895599999999,5391.5872
44,40,11.304272869569521,4.3121776,3981.8412
44,42,2.9830048257367276,1.3398292,1504.8842
44,46,4.3633074210114104,2.1621376000000003,2190.1412
44,48,2.582595965960927,0.8198939999999999,1540.191
44,50,6.411384948302478,1.5101196,1805.145
44,52,14.009481154101636,4.339852799999998,4328.278
44,56,42.40095229328585,16.174363,12954.844000000001
44,59,52.37081148376073,22.857023800000004,17145.392
44,61,27.523854087197336,13.0495476,9598.836200000002
44,63,21.740695115427236,6.911072799999999,6147.5872
44,65,14.583945037373821,5.126067999999999,4660.0832
44,67,7.267675962508562,3.6161004,3417.3012000000003
44,69,9.30347969345328,3.0245839999999995,2983.082
44,71,18.65570950270911,4.8902816,4590.164000000002
44,73,19.80900984500468,5.133483199999998,4754.331
44,75,13.368449583593272,3.5876363999999996,3354.3518000000004
44,77,20.704429073265793,6.373077800000001,5662.632
44,80,37.664792261370785,12.409172600000002,11051.45
44,82,44.98484964511851,15.962492800000003,14169.761999999999
44,84,59.13914462988734,29.609828800000006,20546.962
44,86,38.22443330481282,14.4351472,12417.649199999998
44,88,34.75391660547759,10.996111599999997,9551.786199999999
44,89,25.981656444233447,8.1227832,7336.9906
44,91,24.822161030125493,6.818830399999999,6078.1770000000015
44,93,32.09511629541923,8.6167232,7735.383800000001
44,95,31.705879259732487,9.497267599999999,8397.801000000001
44,97,31.085590292830574,9.162439999999998,8097.962000000001
44,99,30.814719541606266,9.150357999999999,8316.873000000001
44,101,36.176756911989685,11.024429199999998,9878.598999999998
44,103,31.962150964090473,10.233005599999998,9870.429
44,105,35.360517394291286,11.2984672,10412.096800000001
44,107,38.926654495369995,13.296097199999998,11400.849800000002
44,110,37.89017409744999,13.841826085714287,13265.397000000003
44,111,34.30691254984179,10.9992138,10868.116000000004
44,113,33.064572451211866,10.7646378,10594.444
44,116,39.29351299921399,19.414368028571435,16417.819200000005
44,117,47.18186013709554,21.782351314285712,20823.657
44,119,43.35547839421683,18.010229314285713,17131.893
46,0,30.059273251483663,11.521218,10322.635199999999
46,3,14.143538734944148,5.7948908,5428.507600000001
46,4,9.40398409729767,6.183904685714285,5769.0316
46,6,31.10151671213673,12.766814,11366.6242
46,8,22.728374555424818,9.8349552,8548.084
46,10,35.49652897815079,11.342620800000002,10106.399000000001
46,12,42.4781734869047,22.4145198,12994.335600000004
46,14,20.211539270244078,8.42693357142857,9187.612400000002
46,16,5.53408295195645,2.6556672,2797.5648
46,18,6.308402599372293,3.5021996,3250.4546
46,20,8.530675926640376,3.8545128,3933.714200000001
46,22,21.585428800052885,8.2075836,7257.842599999999
46,24,26.0922386772055,9.560401199999998,8291.797600000002
46,27,53.23634806309509,20.5026882,17305.1944
46,28,17.835340678023503,7.933797657142856,9217.9264
46,30,16.977266416263777,6.94237457142857,7703.0534
46,32,13.674111551091965,3.9331899999999993,3984.423
46,34,12.858749908169436,2.8449959999999996,2649.1933999999997
46,36,1.8143535436943028,0.7081091999999999,1184.9661999999998
46,38,8.934435929684003,2.3652564,3015.3574
46,40,3.6915838411405995,0.6735611999999999,1647.7062
46,42,0.8396577880591686,0.6338039999999998,1231.1352
46,44,4.094648806211088,2.0904695999999996,2296.2708
46,48,2.146550138495264,1.3750307999999998,1383.4976000000001
46,50,9.89436784373332,4.009367999999999,2713.5566
46,52,17.492464049532476,5.894271599999999,5236.689600000001
46,56,45.642947070857225,15.404806399999998,13077.7414
46,59,55.61280626133211,22.087467200000003,17268.289399999998
46,61,19.911165058768415,9.703908057142856,9128.975800000002
46,63,16.900529306292754,3.8037705999999996,4002.1156
46,65,9.743779228239342,2.6035066,2586.4437999999996
46,67,0.6422081887541515,0.33817799999999987,1062.8781999999999
46,69,8.6409799512137,1.2760631999999998,1889.6596000000002
46,71,17.26946889208371,2.4989015999999995,2961.0256000000004
46,73,18.513650552067546,2.922938399999999,3385.1776
46,75,16.122187052134958,2.6320547999999993,3644.0944000000004
46,77,23.458166541807483,5.5951032,6113.301399999999
46,80,40.90678703894216,11.639616,11174.347399999999
46,82,48.22684442268989,15.192936200000002,14292.6594
46,84,62.38113940745872,28.840272200000005,20669.859399999998
46,86,30.823798419350304,11.327845,13512.4276
46,88,27.35328172001508,7.888809399999998,10646.564600000002
46,89,21.41299217624313,5.253110799999999,5324.938
46,91,23.435920419500093,4.6082856,4879.049799999999
46,93,32.549027577972694,6.4061784,6274.044599999999
46,95,27.697098085037343,7.2867228,8784.611599999998
46,97,27.07680911813543,6.9518952,8484.7726
46,99,28.685900480053903,6.9398132,7454.238799999999
46,101,34.11359349718184,8.8138844,11602.3346
46,103,29.431921045287687,8.0224608,11203.015600000002
46,105,32.8302874754885,9.0879224,11742.608000000004
46,107,38.02862596929472,11.0855524,15665.540600000002
46,110,35.3599441786472,11.631281285714287,14597.983600000003
46,111,31.776682631038994,8.788669,12200.702600000002
46,113,30.534342532409074,8.554093,11927.030600000004
46,116,42.047250467755674,18.612917828571433,17371.659200000002
46,117,44.65163021829275,19.571806514285715,22156.243600000005
46,119,40.82524847541404,15.799684514285714,18464.4796
48,0,29.459754522548174,10.578758199999998,9481.397749999998
48,3,14.320803461870327,5.7735536,7520.0197499999995
48,4,9.570917280480677,5.315861485714285,5259.05175
48,6,30.50199798320124,11.824354199999998,10525.38675
48,8,21.82506810768819,8.068192799999998,7486.99925
48,10,33.63588695614599,8.7267168,9062.97025
48,12,35.11373001685929,20.572295600000004,11516.380000000001
48,14,26.34464859061461,11.154217971428572,11196.555249999998
48,16,6.096086587614799,2.8270128,4162.31225
48,18,6.857164948433929,2.4278051999999994,2669.0107500000004
48,20,7.931157197704885,2.9120530000000002,3092.4767500000007
48,22,19.285530516264448,6.1284084,5973.10025
48,24,21.144053960130687,7.186088399999999,6813.842000000001
48,27,45.7082594924407,19.1348348,15683.54075
48,28,23.968449998394036,10.66108205714286,11869.94675
48,30,23.11037573663431,9.669658971428571,9711.996249999997
48,32,19.375585876601743,6.5880084,5831.9082499999995
48,34,17.88634404020844,5.2243032,4676.58475
48,36,5.60297525114653,2.8299131999999996,3233.13275
48,38,15.067545250054538,5.0925408,4818.51375
48,40,10.001377723698294,3.4008456,3339.53075
48,42,1.300307703961516,0.609816,1748.2050000000002
48,44,4.113861646563006,1.3472003999999997,1768.50675
48,46,3.465076108847549,1.8627131999999997,1786.4809999999998
48,50,4.946183126658509,1.0825763999999998,1697.887
48,52,12.544279332457666,3.5199587999999995,3758.734
48,56,37.49617968571759,14.036953,11558.336000000003
48,59,47.46603887619248,20.7196138,15748.884000000002
48,61,26.044274379138947,12.086876,10983.802749999999
48,63,19.298100651275004,5.948401199999998,5412.469249999999
48,65,13.399015529689068,4.214735999999999,3938.2317499999995
48,67,2.456594660499705,0.9665868,1950.9185000000002
48,69,1.7598788752691166,0.6525733999999997,1533.4045
48,71,11.112108684524953,2.5182709999999995,3006.557500000001
48,73,12.265409026820524,2.761472599999999,3235.72075
48,75,5.85430239523372,1.2642014,2115.0825
48,77,13.190281884906243,4.2272498,4584.2895
48,80,32.76001965380253,10.2717626,9654.942
48,82,40.080077037550254,13.8250828,12773.254
48,84,54.23437202231908,27.472418800000003,19150.453999999998
48,86,35.78183884066058,13.4724756,14660.9405
48,88,32.311322141325356,10.033439999999997,11795.0775
48,89,18.438055626049287,5.9361863,5847.1845
48,91,17.278560211941336,4.4468198,4494.5705
48,93,24.580969107059683,6.244712599999999,6502.1065
48,95,24.162278441548327,7.1252569999999995,8213.713749999999
48,97,23.541989474646414,6.7904294,7913.874749999999
48,99,23.271118723422106,6.778347399999999,6798.26275
48,101,28.63315609380553,8.652418599999999,10362.97425
48,103,24.418550145906313,7.860994999999999,10159.22975
48,105,27.816916576107122,8.9264566,9178.819500000001
48,107,31.412507307010447,10.924086599999999,10167.5725
48,110,30.346573279265822,11.469815485714287,13554.197750000003
48,111,26.76331173165762,8.6272032,11156.916750000002
48,113,25.5209716330277,8.3926272,10883.244750000002
48,116,31.77936581085443,17.245064428571432,15331.651500000005
48,117,39.63825931891138,19.410340714285713,21112.45775
48,119,35.81187757603267,15.638218714285713,17420.69375
50,0,28.965251592702185,10.051587399999997,9870.806499999999
50,3,16.283671383229255,7.8042848,8880.437249999999
50,4,11.533785201839606,6.193309885714285,6619.469249999999
50,6,30.00749505335525,11.297183399999998,10930.942999999997
50,8,14.931426559006196,5.9449331999999995,5850.976
50,10,23.429229014665637,6.603457199999999,7462.4735
50,12,27.902067335327576,17.344246200000008,9547.625
50,14,33.355819949320086,13.568879571428571,13730.715499999997
50,16,12.992399783595777,4.857744,6457.161249999999
50,18,8.820032869792861,3.3052536,4029.4282499999995
50,20,6.483020547005594,1.7732195999999998,2465.5935
50,22,10.008955441235289,4.0051488,4229.72375
50,24,10.937396018650334,4.800133199999999,4985.97025
50,27,38.66024191151797,17.9210366,13989.811249999999
50,28,30.97962135709951,13.075743657142858,13761.0295
50,30,30.121547095339785,12.08432057142857,12246.156500000001
50,32,26.24111865177468,8.618739600000001,8147.802750000001
50,34,24.751876815381376,7.255034400000001,7011.3817500000005
50,36,12.468508026319464,4.860644400000001,5464.05375
50,38,22.07871660876001,7.5072024,6941.101000000001
50,40,16.856072709499635,6.0434844000000005,5165.7885
50,42,8.31147906266699,2.6405472000000003,3436.18975
50,44,4.157083004554192,1.546296,2624.32875
50,46,10.23149619318391,3.893444400000001,3265.5932499999994
50,48,1.9682097723668408,0.8774484000000002,1909.5722500000002
50,52,2.3376213909773154,1.1340035999999998,1707.9054999999998
50,56,31.066840919280114,12.823154799999998,9762.35825
50,59,41.036700109755,19.505815600000002,13952.90625
50,61,33.05544573784442,14.780854400000003,10772.087749999999
50,63,27.292494955357345,8.6423796,7320.838749999999
50,65,20.135744877303928,6.8573748,5745.65575
50,67,11.407603599718946,3.6718368000000003,4062.2717500000003
50,69,8.689093499859194,3.0821384000000003,3100.5145
50,71,18.041323309115025,4.947836000000001,4707.5965000000015
50,73,19.194623651410595,5.191037599999999,4871.763499999999
50,75,6.783126027316801,1.9411699999999996,2873.22925
50,77,12.426884116564556,3.0218696,3713.0285
50,80,26.330680887365048,9.0579644,7858.964249999999
50,82,33.65073827111278,12.611284600000001,10977.276249999999
50,84,47.80503325588161,26.258620600000004,17354.47625
50,86,43.776233144742925,16.166454,14308.170749999997
50,88,40.3057164454077,12.7274184,11442.307749999998
50,89,25.36727025063936,8.3657513,7508.621500000001
50,91,24.207774836531406,6.876384799999999,6195.6095000000005
50,93,25.373794295786972,6.190903999999999,6273.7085
50,95,31.0914930661384,9.554822,8515.2335
50,97,30.471204099236488,9.2199944,8215.3945
50,99,30.20033334801218,8.7327568,8434.305500000002
50,101,35.5623707183956,10.606828,9996.031500000001
50,103,31.347764770496386,9.8154044,9752.581
50,105,30.181229752655543,8.872648,8950.4215
50,107,32.205332495737736,10.870277999999999,9939.174500000001
50,110,37.27578790385591,13.424224885714288,13382.829500000003
50,111,33.692526356247704,10.581612600000001,10985.548500000004
50,113,32.45018625761777,10.347036600000001,10491.610000000002
50,116,31.026037439511633,16.063159828571433,14479.953500000003
50,117,41.29236839623977,19.7217784,17588.0565
50,119,37.40028900584611,15.9496564,13896.292499999998
52,0,22.29194217159872,8.2357392,9576.871399999998
52,3,25.28606553683004,10.505967200000002,11052.4784
52,4,20.536179355440396,8.894992285714288,8791.510400000001
52,6,23.57402106987287,9.5071712,10642.390399999998
52,8,8.233922021405279,4.129035600000001,5046.295399999999
52,10,14.530091167912124,4.631846399999999,5965.1804
52,12,22.51261055117644,14.936753400000004,7399.978800000002
52,14,42.35821410292086,15.655791171428568,16196.948599999998
52,16,21.994793937196555,7.559426400000001,9025.369999999999
52,18,17.822427023393637,6.006936000000001,6487.395999999999
52,20,4.989665048102253,2.8068648000000005,2952.3606
52,22,2.3215577954201017,1.471014,2987.7365999999993
52,24,2.038258171896824,1.6529424,2810.1474000000003
52,27,33.270785127366835,16.733140600000002,11812.660799999998
52,28,39.98201551070028,15.162655257142855,16227.262599999998
52,30,39.12394124894056,14.171232171428567,14712.389599999999
52,32,35.24351280537545,11.162047599999996,10727.1208
52,34,33.75427096898215,9.956716799999999,9590.699799999999
52,36,21.470902179920234,7.562326799999998,7983.127999999999
52,38,31.081110762360794,9.594113999999996,9321.1628
52,40,25.858466863100414,7.902418799999998,7828.606799999999
52,42,17.31387321626777,5.3422296,5660.363399999999
52,44,13.15947715815497,4.4332092,4984.127
52,46,19.23389034678469,6.595126799999999,5490.319600000001
52,48,10.97060392596762,3.7468763999999997,4145.2196
52,50,4.916971405734401,1.8924096,2032.0448000000001
52,56,25.677384135128975,11.6352588,7585.207799999998
52,59,35.64724332560386,18.317919600000003,11775.755799999999
52,61,42.0578398914452,16.5884492,13129.9176
52,63,34.937731578910274,10.449974399999997,9678.668599999999
52,65,29.038646457324337,8.716309199999998,8396.1686
52,67,18.096225588134967,5.468159999999998,5527.1566
52,69,15.46719940523018,4.938423799999999,4944.5484
52,71,24.819429214486014,6.9443024,6551.630400000001
52,73,25.972729556781584,6.760824199999998,6715.7974
52,75,13.791588342604646,3.8855816,3711.4055999999996
52,77,19.4163153437118,4.966281200000001,4389.483000000001
52,80,20.94122410321391,7.870068400000001,5681.813799999998
52,82,28.261281486961632,11.423388600000003,8800.125799999998
52,84,42.41557647173046,25.070724600000002,15177.325799999997
52,86,51.42146976829585,17.9740488,17492.57
52,88,47.95095306896062,14.535013199999996,14626.707
52,89,32.14537615601035,10.3622177,9352.6554
52,91,30.9858807419024,8.446171399999997,7819.5002
52,93,32.363225522934215,8.1353156,7216.8938
52,95,37.86959897150939,11.124608599999998,10359.2674
52,97,37.24931000460747,10.789780999999998,10059.4284
52,99,36.978439253383165,10.6771684,9712.2682
52,101,42.34047662376659,12.551239599999999,11514.752
52,103,38.125870675867375,11.759815999999999,11148.7846
52,105,37.17066097980279,10.8170596,9893.6068
52,107,39.19476372288498,12.8146896,10882.3598
52,110,44.05389380922689,15.368636485714287,14660.792200000002
52,111,40.47063226161869,12.5260242,12263.511200000003
52,113,39.228292162988765,12.2914482,11908.8332
52,116,38.015468666658876,18.007571428571435,15287.282800000004
52,117,48.281799623387016,21.66619,18531.2418
52,119,44.389720232993355,17.894068,14839.477799999999
56,0,51.25777184616936,21.0849312,15697.7935
56,3,51.88062190020688,22.161338799999992,17492.412500000002
56,4,47.13073571881723,20.550363885714283,15231.444500000001
56,6,52.53985074444351,22.356363199999997,16763.312500000004
56,8,37.199751695975934,16.978227599999997,11167.217500000002
56,10,43.44762845535545,17.481038399999996,11620.8495
56,12,10.134442232475095,9.272557999999998,5339.5999999999985
56,14,65.33202495159354,25.145529971428576,31897.079500000007
56,16,48.59937477184627,19.214797999999995,15973.0825
56,18,44.42700785804337,17.6623076,13545.349500000002
56,20,30.323622979076603,15.517109999999999,9949.6195
56,22,31.287387469990744,14.320205999999997,8952.199499999999
56,24,4.030549713392171,3.7560520000000004,2581.347
56,27,8.21806050947207,7.636919999999998,4515.161499999999
56,28,60.98871348317827,24.65239405714286,26713.118499999997
56,30,60.57854611117429,23.660970971428576,28811.729500000005
56,32,61.84809364002518,20.651786400000002,17709.879500000003
56,34,60.35885180363188,19.563592399999994,16573.4585
56,36,48.07548301456996,17.531133200000003,15026.130500000001
56,38,57.150755021029966,19.083852800000006,15899.426499999998
56,40,51.90790293248657,17.392157600000004,14489.680499999997
56,42,43.90620104215483,16.9976012,12774.905
56,44,39.7640579928047,16.5817028,12027.129500000003
56,46,45.69662959023751,16.5446288,12601.545000000002
56,48,37.57518476061735,14.188265600000001,10899.787499999999
56,50,30.25092933670875,13.434239999999997,8383.644500000002
56,52,23.724994390018256,11.6349618,6352.343500000001
56,59,10.644111437829592,9.137744999999999,6015.9865
56,61,63.66888892106115,26.078188,25829.181500000006
56,63,57.656512145252584,19.939713199999996,19602.281499999997
56,65,52.71260471538439,17.7712928,14354.549500000005
56,67,44.020071416364125,15.062176400000002,12461.131500000001
56,69,38.01134582637561,13.220585600000001,10755.904000000002
56,71,46.827290625649695,15.281558,12418.183500000003
56,73,41.278652171620244,14.708685200000001,11251.673500000004
56,75,28.4629337311618,11.299679600000001,8563.1975
56,77,25.275655213478508,9.407308400000002,7301.860500000002
56,80,3.992690324352704,3.7634072,2598.6094999999996
56,82,6.47828467388427,5.374193399999999,4042.9445000000005
56,84,17.412444583956198,15.89055,9417.556499999999
56,86,70.61714527722575,27.4637876,28169.696500000005
56,88,67.14662857789052,24.024752,25303.8335
56,89,50.12497801752849,18.6994733,14534.868500000002
56,91,44.95129938805454,15.6948944,12541.515500000003
56,93,43.66291666967494,14.5269176,11568.201500000003
56,95,50.691501926454904,18.893520800000008,16072.054500000004
56,97,50.198691573867876,18.559981000000004,14483.450500000004
56,99,48.60943809511891,17.068770400000002,13915.391500000003
56,101,53.877685348491646,18.9428416,16680.906500000005
56,103,49.75686951760312,18.151418,15468.947500000004
56,105,48.47035212654352,17.208661600000003,14244.914500000004
56,107,50.494454869625706,19.206291600000004,15233.667500000003
56,110,55.68489265096264,21.760238485714282,18863.915500000003
56,111,52.101631103354435,18.917626199999997,16466.634500000004
56,113,50.85929100472451,18.683050199999997,16192.962500000005
56,116,45.06675061545655,22.855944628571436,18408.240500000004
56,117,56.828466878932765,28.057792,27857.329500000003
56,119,51.44100218179103,24.28567,23420.654500000004
59,0,61.57111608538321,27.769395600000006,20744.694333333337
59,3,62.19396613942075,28.845803200000006,22539.31333333334
59,4,57.4440799580311,27.234828285714297,20278.345333333335
59,6,62.85319498365736,29.040827600000004,21810.213333333337
59,8,47.51309593518978,23.662692000000003,16214.118333333337
59,10,53.76097269456931,24.1655028,16667.750333333333
59,12,15.336273534434753,12.126603000000001,7850.461333333333
59,14,75.53229908130326,31.82999437142858,36429.17633333334
59,16,58.91271901106013,25.89926240000001,21019.983333333337
59,18,54.74035209725723,24.346772000000012,18592.250333333333
59,20,40.63696721829047,22.2015744,14996.520333333334
59,22,41.600731709204595,21.0046704,13999.100333333336
59,24,18.412666215538437,15.671097,9640.700333333334
59,27,3.6964012741181396,1.500825,2537.572333333333
59,28,71.18898761288801,31.336858457142863,33798.83233333333
59,30,70.77882024088404,30.34543537142858,33343.82633333333
59,32,72.16143787923906,27.336250800000006,22756.780333333332
59,34,70.67219604284574,26.248056799999997,21620.35933333333
59,36,58.38882725378382,24.21559760000001,20073.031333333332
59,38,67.46409926024383,25.76831720000001,20946.32733333333
59,40,62.221247171700426,24.076622000000008,19536.581333333335
59,42,54.231798290131366,23.682065600000012,17985.90633333333
59,44,50.077402232018564,23.266167200000012,17074.030333333336
59,46,56.151815420648276,23.22909320000001,17818.07333333333
59,48,47.88852899983121,20.87273000000001,15734.551333333337
59,50,40.56427357592261,20.11870440000001,13430.545333333335
59,52,34.038338629232115,18.319426200000002,11399.244333333336
59,56,11.604811853456624,9.137745000000002,6356.032333333334
59,61,73.8691630507709,32.76265240000001,30361.278333333335
59,63,67.85678627496233,26.624177600000003,27638.820333333333
59,65,62.91287884509414,24.45575720000001,18886.646333333338
59,67,54.33341565557798,21.74664080000001,17508.032333333333
59,69,48.21161995608538,19.90505000000001,15011.688333333337
59,71,57.027564755359464,21.96602240000001,16729.165333333338
59,73,51.47892630133,21.393149600000008,15783.770333333336
59,75,38.66320786087156,17.984144000000004,13410.933333333334
59,77,35.47592934318828,16.091772800000005,11833.957333333334
59,80,8.54881397206058,7.837802000000002,4955.648333333335
59,82,9.73845406572405,8.781073000000003,5898.919333333335
59,84,5.1381189771842735,5.128048,3355.146
59,86,80.8174194069355,34.14825200000001,32701.793333333335
59,88,77.34690270760028,30.709216400000006,29835.930333333334
59,89,60.32525214723825,25.38393770000001,19066.96533333334
59,91,55.1515735177643,22.379358800000006,17073.612333333338
59,93,53.863190799384704,21.211382000000004,16100.298333333334
59,95,60.89177605616466,25.57798520000001,20604.15133333333
59,97,60.39896570357764,25.244445400000007,19015.547333333336
59,99,58.809712224828665,23.753234800000005,18447.48833333334
59,101,64.0779594782014,25.627306000000004,21213.00333333334
59,103,59.957143647312876,24.835882400000003,20001.04433333334
59,105,58.67062625625328,23.893126000000006,18777.011333333332
59,107,60.69472899933547,25.890756000000007,19765.764333333333
59,110,65.88516678067239,28.444702885714285,23396.012333333336
59,111,62.30190523306419,25.6020906,20998.731333333333
59,113,61.059565134434266,25.3675146,20725.059333333338
59,116,55.26702474516632,29.54040902857144,22940.33733333334
59,117,67.02874100864253,34.7422564,32389.426333333337
59,119,61.641276311500796,30.970134400000003,27952.751333333337
61,0,57.1030101374314,21.609594400000002,18469.72775
61,3,38.52295779536945,15.619567400000001,16159.921999999999
61,4,33.783403157722965,16.209894485714283,16499.114999999998
61,6,58.145253598084466,22.8551904,19513.71675
61,8,49.77211144137255,19.449568400000008,17012.311749999993
61,10,62.54026586409853,20.1080924,18570.626750000003
61,12,63.639608001089435,30.887862200000008,21386.301749999995
61,14,15.78066237222641,9.249706542857142,10486.19825
61,16,29.465219858692944,11.721436199999998,12431.435749999999
61,18,30.687821659797596,13.528189399999999,13980.537999999997
61,20,35.57441281258811,13.942889199999998,12080.806749999998
61,22,48.36396832527891,17.509784000000003,15695.476749999998
61,24,50.35990359888606,18.081724400000002,16683.763749999995
61,27,70.07743995675511,28.301347399999994,25062.112249999995
61,28,5.698417515115171,4.6364532,5785.29
61,30,12.284873893709602,7.765147542857142,8601.441499999999
61,32,12.203585119703826,8.387134742857144,8196.36025
61,34,17.310667492271936,9.2155959,9633.148249999998
61,36,24.59838238779351,10.295696999999999,9194.246
61,38,10.30766964125107,6.9651783,5983.42275
61,40,20.73203721791736,9.1901032,7725.189999999999
61,42,26.91425584980281,10.7221804,9353.606499999998
61,44,31.138385692158817,12.178845999999998,10592.115749999999
61,46,23.285743596198838,9.852925599999999,8669.06575
61,48,23.229896255194387,10.3503848,9648.10275
61,50,35.68508548213734,12.463952,11884.005749999998
61,52,41.76012897121305,14.415594800000001,13628.655749999998
61,56,61.865360150032004,23.2034656,20936.907499999998
61,59,71.8352193405069,29.886126399999995,25127.455499999996
61,63,1.8549532818641252,1.8266591999999997,3681.0392500000003
61,65,7.3277415089111395,6.098886299999999,5261.51275
61,67,20.13591865875656,8.9638732,7912.971749999999
61,69,18.130893285653734,9.258424399999999,10095.180500000002
61,71,11.429313367115803,6.4709072,9973.62025
61,73,15.596458460450368,8.499404,11664.034249999999
61,75,20.069526588791852,10.430714000000002,12118.857500000002
61,77,37.4146186409332,13.3937624,15411.224250000001
61,80,57.12920011811694,19.4382752,19033.513499999997
61,82,64.44925750186466,22.991595399999994,22151.8255
61,84,78.60355248663352,36.63893139999999,28529.0255
61,86,6.062351625613989,5.859925999999998,5843.3685000000005
61,88,4.0416533213320776,2.459592,3274.2924999999996
61,89,5.276711104653668,4.308323199999999,8173.3322499999995
61,91,10.978277181846247,6.573126799999999,10058.803249999999
61,93,19.261284885349028,12.9186716,19022.837250000004
61,95,7.9577479316042075,6.498402799999999,11284.26125
61,97,7.337458964702293,6.1635751999999995,10984.42225
61,99,8.946550326620764,7.656402399999999,12525.394250000001
61,101,14.374243343748706,9.443357599999999,14101.984250000003
61,103,9.692570891854551,8.362765,13702.665250000002
61,105,13.09093732205536,9.527772914285714,15167.534250000004
61,107,18.289275815861583,12.423929714285713,18165.190250000003
61,110,15.620594025214064,11.971585485714288,17097.633250000003
61,111,12.037332477605863,9.1289732,14700.352250000004
61,113,10.79499237897594,8.8943972,14426.680250000005
61,116,25.829072464214114,20.618915314285715,22612.475250000003
61,117,24.91228006485962,19.912110714285713,24655.893250000005
61,119,21.08589832198091,16.139988714285714,20964.129250000005
63,0,50.50365533676094,16.267598399999994,14669.347749999997
63,3,31.92360299469899,10.1175114,8552.391749999999
63,4,27.184048357052514,10.707838485714284,8891.584749999998
63,6,51.54589879741401,17.513194399999996,15713.336749999999
63,8,43.17275664070209,14.581335599999997,13211.931749999996
63,10,55.940911063428075,16.0890012,14770.246749999998
63,12,57.04025320041898,27.0009462,17585.921749999998
63,14,11.804037880067629,9.028719435714287,12273.501999999999
63,16,23.185896678397672,6.219380200000001,5452.07775
63,18,24.088466859127134,8.026133399999997,6373.00775
63,20,28.975058011917643,8.600893199999998,8280.426749999999
63,22,41.76461352460844,12.953963999999997,11895.09675
63,24,43.7605487982156,14.1468276,12883.383749999997
63,27,67.79842777660937,25.096729799999988,21530.495249999996
63,28,7.4607264116523675,6.521023864285715,7372.551500000001
63,30,7.050559039648389,6.13703015,9188.152
63,32,9.82776250149157,4.9205412,5453.45125
63,34,12.352084872413043,3.5568359999999997,3823.63875
63,36,18.31905920749824,4.793641,4263.96175
63,38,3.708314840580615,1.3064184,2183.0427499999996
63,40,14.132682417246905,3.8481072,3647.3917500000002
63,42,20.31490104913235,5.380184399999999,5479.36275
63,44,24.53903089148836,6.836849999999999,6791.73575
63,46,16.686388795528384,4.5109296,4868.68575
63,48,16.630541454523932,5.961457200000001,5847.72275
63,50,29.08573068146688,8.5957944,8083.625749999999
63,52,35.16077417054259,10.480697999999999,9828.275749999997
63,56,60.01040686816788,19.998847999999995,17507.53875
63,59,69.98026605864277,26.68150879999999,21698.08675
63,61,6.9695811996340655,5.096123999999999,3508.8405000000007
63,65,0.7283867082406835,0.4401264,1461.1327500000002
63,67,13.536563858086105,3.621877200000001,4112.591750000001
63,69,16.275940003789607,5.870104799999998,6294.800499999999
63,71,9.574360085251678,4.644248,6905.601999999999
63,73,13.741505178586243,6.672744800000001,8596.016
63,75,18.21457330692773,7.2260963999999985,8318.4775
63,77,35.55966535906907,10.189144799999998,11305.5065
63,80,55.274246836252814,16.233657599999994,15604.14475
63,82,62.59430422000054,19.78697779999999,18722.456749999998
63,84,76.74859920476939,33.434313799999984,25099.65675
63,86,12.960633131973168,6.075567599999999,6082.048999999999
63,88,9.490116432637942,2.636531999999999,3216.185999999999
63,89,3.4217578227895427,2.4816639999999994,5105.314
63,91,9.123323899982122,4.746467599999999,6990.784999999999
63,93,17.406331603484904,11.00022,15954.819
63,95,6.102794649740082,4.671743599999999,8216.243
63,97,5.482505682838167,4.3369159999999995,7916.404
63,99,7.091597044756639,5.829743199999999,9457.376
63,101,12.519290061884579,7.616698399999999,11033.966
63,103,7.837617609990425,6.5361058,10634.647
63,105,11.235984040191235,7.701113714285714,12099.516000000001
63,107,16.43432253399746,10.597270514285714,15097.172000000002
63,110,13.765640743349941,10.144926285714286,14029.615000000003
63,111,10.182379195741738,7.302313999999999,11632.334000000003
63,113,8.940039097111814,7.067737999999999,11358.662000000002
63,116,23.974119182349988,18.792256114285717,19544.457000000002
63,117,23.057326782995492,18.085451514285715,21587.875000000004
63,119,19.230945040116783,14.313329514285714,17896.111
65,0,45.31300031296189,14.467979999999995,13232.9028
65,3,27.24268156181283,8.477953,7912.752399999999
65,4,22.50312692416636,9.068280085714285,8251.945399999999
65,6,46.35524377361496,15.713575999999996,14276.891800000001
65,8,37.98210161690304,12.781717199999997,11775.486799999999
65,10,50.75025603962902,14.289382799999998,13333.801799999997
65,12,53.53434794783681,25.208943000000005,15742.266
65,14,18.39035887401905,9.801861171428573,13852.766399999999
65,16,18.474376316928826,4.5798218,5322.528
65,18,19.40754542624098,6.386575,5733.368399999999
65,20,23.784402988118593,6.801274799999999,6843.981799999999
65,22,36.5739585008094,11.154345599999997,10458.651800000001
65,24,40.254643545633435,12.3548244,11428.585
65,27,63.68350368612157,22.899022199999994,19303.209800000004
65,28,14.047047405603788,8.391780664285715,9209.453600000003
65,30,13.636880033599812,8.00778695,10767.4164
65,32,12.972064783873028,4.1785271999999996,4137.887199999999
65,34,11.482822947479724,2.8148219999999995,3001.4662
65,36,13.638137774612087,3.1540826000000006,3624.3224
65,38,2.8390529156472954,0.5644043999999999,1360.8701999999998
65,40,8.942027393447859,2.0484888000000003,2714.8168
65,42,15.633979616246195,3.5805659999999997,4121.7058
65,44,19.34837586768931,5.0372316,5355.2908
65,46,11.49573377172934,2.7113112,3432.2407999999996
65,48,13.124636201941755,4.169454,3890.3237999999997
65,50,24.1547672195037,6.803791199999999,5842.779199999999
65,52,31.654868917960417,8.688694799999999,8038.638000000001
65,56,55.47142387939846,17.801140399999998,15157.555400000001
65,59,65.44128306987335,24.483801199999995,19348.103400000004
65,61,11.857177141312686,6.560724800000001,5430.974
65,63,3.0632159365390117,0.42225,1621.0944000000002
65,67,10.030658605503927,2.1587940000000003,2747.275800000001
65,69,11.736957015020183,3.8560992,4174.349400000001
65,71,5.03537709648225,1.0685820000000001,3556.9303999999997
65,73,9.352037094688287,3.0970788000000002,5247.3444
65,75,16.66662349142771,5.028388799999999,5914.836800000002
65,77,31.020682370299653,7.991437199999999,8287.283
65,80,50.735263847483395,14.035949999999998,13254.1614
65,82,58.05532123123112,17.589270199999994,16372.473399999999
65,84,72.20961621599997,31.236606199999994,22749.6734
65,86,19.54695412592459,7.946324399999999,8154.127399999999
65,88,16.076437426589365,4.507288799999999,5288.264399999998
65,89,5.37325118725941,2.4453357000000002,2549.7963999999993
65,91,5.430870750977603,1.4324448000000003,3860.1494
65,93,22.96089404979845,7.516346400000001,12878.703000000001
65,95,11.657357096053625,5.0514348,6540.6802
65,97,11.03706812915171,4.7166072,6240.8412
65,99,12.646159491070181,6.2654081999999995,7565.950999999999
65,101,18.073852508198122,8.052363399999999,9358.403199999997
65,103,13.392180056303967,6.9717708,8959.084200000001
65,105,16.790546486504777,8.136778714285715,10423.9532
65,107,21.988884980311006,11.032935514285715,13421.6092
65,110,19.32020318966348,10.580591285714286,12354.052200000002
65,111,15.73694164205528,7.737978999999999,9956.7712
65,113,14.494601543425356,7.503403,9683.0992
65,116,29.528681628663527,19.227921114285717,17868.8942
65,117,28.611889229309032,18.521116514285715,19912.312200000004
65,119,24.785507486430323,14.748994514285714,16220.5482
67,0,35.842850728745404,13.099491599999995,11210.878666666666
67,3,19.92711621220589,7.3731644,6427.535666666667
67,4,15.187561574559407,7.762178285714285,6766.728666666667
67,6,36.88509418939847,14.345087599999996,12254.867666666667
67,8,28.51195203268656,10.6682832,9753.462666666666
67,10,40.96317948052185,11.326807199999998,11212.206666666665
67,12,41.751050886709905,21.98304900000001,12818.029666666669
67,14,23.75885881895386,9.64791677142857,9462.347666666667
67,16,10.675166975841076,3.9984900000000003,3935.9250000000006
67,18,12.09198007663403,5.080473199999999,4248.151666666668
67,20,14.314253403902116,5.432786399999999,4821.957666666666
67,22,27.103808916592914,8.728498799999999,8436.627666666667
67,24,28.471346484506547,9.128930399999998,8115.491666666668
67,27,52.5092254629003,20.094657,16997.033666666666
67,28,21.382660226733282,9.154780857142859,9492.661666666667
67,30,20.52458596497356,8.16335777142857,7977.788666666667
67,32,17.221431099801748,5.154173200000001,4686.760666666666
67,34,16.434541602903835,4.1878188000000005,3326.725
67,36,6.085211794333262,2.2920336000000003,2411.4160000000006
67,38,12.12828019736325,3.2785847999999995,3204.6330000000003
67,40,7.23890338985038,1.8945444000000002,1880.3466666666666
67,42,6.623235265320908,2.2120775999999998,2119.378666666667
67,44,9.878226283472827,3.6687431999999998,3333.266666666667
67,46,3.69652443064159,1.3428228,1455.0403333333336
67,48,1.3413391408148592,0.9435599999999997,1294.3496666666667
67,50,13.796528367757805,3.577897199999999,3489.6306666666665
67,52,19.871571856833523,5.462800799999998,5060.3836666666675
67,56,44.91582447066243,14.996775199999998,12769.580666666667
67,59,54.885683661137314,21.679436000000003,16960.128666666667
67,61,23.458484607478194,9.7393532,7220.886000000001
67,63,14.88326241421848,3.6008784,3769.637
67,65,8.984177292632548,2.1591708,2568.214
67,69,7.803134096389746,0.8680319999999999,1448.7163333333335
67,71,16.43162303725976,2.0908704,2520.0823333333337
67,73,17.675804697243596,2.5149072,2944.2343333333333
67,75,15.284341197311004,2.2240235999999998,3354.9053333333336
67,77,22.62032068698353,5.187072000000001,5824.1123333333335
67,80,40.179664438747366,11.2315848,10866.186666666666
67,82,47.49972182249509,14.784905000000002,13984.498666666666
67,84,61.654016807263915,28.432241,20361.698666666663
67,86,31.36700060360406,11.124952799999999,10039.699
67,88,27.896483904268834,7.685917199999999,7173.836
67,89,19.395725284168854,4.8125887999999994,4810.939
67,91,22.598074564676146,4.200254400000001,4174.801
67,93,31.711181723148744,5.9981472,5833.101333333335
67,95,25.679831192963068,6.878691600000001,8552.133
67,97,25.059542226061154,6.543864000000001,7779.871
67,99,26.668633587979627,6.531782,6506.776333333334
67,101,32.09632660510756,8.4058532,9782.533000000001
67,103,27.414654153213412,7.6144296,10970.537000000002
67,105,30.81302058341422,8.6798912,10640.00366666667
67,107,36.01135907722045,10.6775212,12968.025333333333
67,110,33.34267728657293,11.22325008571429,14365.505000000005
67,111,29.75941573896472,8.380637800000002,11968.224000000002
67,113,28.5170756403348,8.146061800000002,11694.552000000003
67,116,41.20940461293172,18.204886628571433,16571.474333333335
67,117,42.63436332621848,19.163775314285715,21923.765000000003
67,119,38.80798158333977,15.391653314285715,18232.001000000004
69,0,32.68831359657247,12.256605399999996,10907.873199999998
69,3,17.549362535894613,8.461868,8946.495199999998
69,4,12.799476354504964,6.993708685714287,6685.5271999999995
69,6,33.73055705722554,13.502201399999997,11951.8622
69,8,25.05362718171248,9.746039999999999,8795.8092
69,10,36.72634184818901,10.404564,10312.9742
69,12,35.49164041140295,20.896573800000006,12652.017800000001
69,14,29.5084085253407,11.24857397142857,17264.633800000003
69,16,14.258090936261135,5.4773076000000005,5619.7408
69,18,10.08572402245822,4.1056524,4095.4862000000003
69,20,11.159716271729181,4.589900199999999,4518.952200000001
69,22,22.506165857110727,7.8062556,7179.3222000000005
69,24,24.234508852173704,8.378195999999999,8326.594800000003
69,27,43.50017046675732,18.310059,14255.581
69,28,25.165097056925436,10.755438057142857,14905.927800000001
69,30,24.754929684921457,9.76401497142857,14499.442000000001
69,32,24.461981790840444,6.7548303999999995,6929.4021999999995
69,34,23.64662014791791,5.6666364,5546.212400000001
69,36,13.176557603440148,3.6341772,3671.607000000001
69,38,19.72230616943248,5.1868967999999995,4851.6449999999995
69,40,14.479454080889075,3.4952015999999997,3441.899
69,42,9.563904631146427,3.3007812,3092.5658000000003
69,44,7.39909415253411,3.0250476,3194.9822
69,46,10.27129017055699,2.6476728,2591.0690000000004
69,48,0.9736573584593009,0.6316103999999999,1208.0741999999998
69,50,8.166818467504786,2.7604235999999998,2974.4622000000004
69,52,15.63473422450068,4.7120663999999985,4736.390600000001
69,56,35.28809066003421,13.2121772,10437.121
69,59,45.25794985050909,19.894838,14627.669000000004
69,61,27.845272494808317,12.181232,12700.686400000002
69,63,21.83289571899975,6.042757199999999,9139.4544
69,65,13.854916168340438,3.8184816,3520.0842000000002
69,67,6.537532512057841,1.1652204,1494.8129999999996
69,71,7.116070904107156,1.3287468,1431.7868000000003
69,73,2.578389299691248,0.8524068,1403.2998000000002
69,75,3.6462133695503325,0.43942559999999986,1108.9230000000002
69,77,10.982192859222854,3.4024739999999993,3481.3692
69,80,30.551930628119145,9.4469868,8533.726999999999
69,82,37.87198801186687,13.000307,11652.039
69,84,52.0262829966357,26.647643,18029.239
69,86,34.79352885097292,13.566831599999997,15041.2014
69,88,31.32301215163769,10.127795999999996,12175.338399999997
69,89,13.781256191177759,4.7466621,4246.3302
69,91,8.060313446700516,2.537754,2704.6876
69,93,15.97647473480641,4.3356468,4572.926399999999
69,95,14.475258714419056,5.2161912,5621.429400000002
69,97,13.85496974751714,4.8813636,4986.802200000001
69,99,13.58409899629283,4.8692816,5044.2898000000005
69,101,18.946136366676253,6.7433528,6606.015799999999
69,103,14.731530418777039,5.9519292,6616.225600000001
69,105,18.12989684897785,7.0173908,7249.6394
69,107,22.808012934757173,9.0150208,8940.0368
69,110,20.65955355213655,9.560749685714287,10178.223200000002
69,111,17.076292004528348,6.7181374,7780.942200000002
69,113,15.833951905898427,6.4835614,7507.270200000001
69,116,29.571276785171044,16.42028862857143,14670.6404
69,117,29.951239591782105,17.501274914285716,17736.4832
69,119,26.124857848903396,13.729152914285715,14044.719199999998
71,0,50.84856163238962,14.0840002,12460.540999999997
71,3,35.70961057171178,9.4245308,10499.163
71,4,30.95972439032213,8.821103485714287,8238.195000000002
71,6,51.89080509304269,15.329596200000001,13504.529999999999
71,8,43.21387521752964,11.5734348,10348.477
71,10,54.864511155156876,12.231958799999997,11865.642000000002
71,12,50.56186914956652,23.011728600000005,14863.768666666669
71,14,18.78570806831989,12.21123677142857,16089.258666666667
71,16,29.26173329117682,6.4399704,6102.273
71,18,28.24597205827537,5.933047200000001,5648.1539999999995
71,20,29.31996430754633,6.417295,6071.619999999999
71,22,40.66641389292787,9.633650399999999,8731.99
71,24,42.37267815914157,10.2055908,10865.914999999999
71,27,56.799869824390385,20.4252138,15952.471666666665
71,28,14.442396599904631,10.379423464285713,13458.914666666666
71,30,14.032229227900656,9.99542975,13003.908666666668
71,32,16.809432689743836,7.717493199999997,10513.023666666666
71,34,21.18076022088315,6.629299199999998,6716.854666666666
71,36,25.639590086395685,4.596839999999999,5327.524
71,38,12.536990189050723,5.459448500000001,5076.258666666667
71,40,22.115255608339385,4.457864399999998,6566.060666666667
71,42,24.567308127279535,4.263443999999999,4256.817999999999
71,44,25.559342188351263,4.8524424,4747.650000000001
71,46,22.73432265351253,3.6103355999999995,3712.5609999999997
71,48,19.13686140320295,2.4742511999999994,2765.8240000000005
71,50,26.327066503321937,4.587818399999999,4527.13
71,52,33.79498226031783,6.539461199999999,6153.499
71,56,48.587790017667274,15.327331999999998,12134.011666666667
71,59,58.55764920814216,22.009992800000003,16324.559666666668
71,61,17.122572037787513,11.959593900000002,10021.360666666667
71,63,11.110195261978948,5.8211191,7298.902666666666
71,65,2.8823930202903947,1.0685820000000001,1384.513666666667
71,67,19.000564995013384,2.1278831999999994,2477.1839999999997
71,69,3.5707013529910046,1.3822907999999996,1920.1509999999998
71,73,1.2441816599838338,0.5127240000000001,1192.6326666666669
71,75,9.782989629696528,2.5545803999999994,3131.8016666666663
71,77,24.137048508568473,5.5176288,5117.204666666666
71,80,43.85162998575221,11.5621416,10230.617666666665
71,82,51.171687369499935,15.115461800000002,13348.929666666665
71,84,65.32598235426876,28.762797800000005,19726.129666666668
71,86,24.070828393952116,13.134212699999999,12361.875666666665
71,88,20.60031169461689,9.695177099999999,9496.012666666666
71,89,3.765812786441333,1.9967625,2110.7596666666664
71,91,2.878419990376991,0.9832331999999999,969.8056666666666
71,93,16.774215798474394,4.931991600000001,4520.591666666666
71,95,9.648932141693669,4.602223199999999,5302.555666666667
71,97,9.028643174791753,4.2673955999999995,4058.8140000000003
71,99,10.633360943013102,5.4656264,4540.644333333334
71,101,16.06105396014104,7.339697599999999,6240.338333333333
71,103,11.379381508246889,6.548274,5971.402333333334
71,105,14.777747938447698,7.613735600000001,7245.514
71,107,19.976086432253926,9.611365600000001,10433.927333333333
71,110,17.307404641606404,10.157094485714286,9366.370333333334
71,111,13.724143093998201,7.3144822,6969.089333333333
71,113,12.481802995368277,7.0799062,6695.417333333334
71,116,27.51588308060645,17.8063512,14881.212333333331
71,117,26.599090681251955,18.097619714285713,16924.630333333334
71,119,22.772708938373246,14.325497714285714,13232.866333333333
73,0,50.684299811916674,13.768111,12260.544999999998
73,3,35.54534875123883,9.1086416,10299.167
73,4,30.79546256984918,8.505214285714287,8038.198999999999
73,6,51.72654327256974,15.013707,13304.534
73,8,43.04961339705669,11.257545599999998,10148.481000000002
73,10,54.31585581466731,11.9160696,12004.983400000001
73,12,48.09346591660942,22.420122600000006,13741.181600000002
73,14,23.118803509766735,11.89534757142857,19105.561200000004
73,16,29.404068140068954,6.124081200000001,5617.195
73,18,28.081710237802422,5.617158000000001,5448.157999999999
73,20,29.155702487073377,6.1014058,5871.624
73,22,40.502152072454926,9.3177612,8531.994
73,24,41.824022818652004,9.8897016,9496.921599999998
73,27,54.33146659143328,19.8010206,14829.8846
73,28,18.775492041351473,11.402211657142857,16475.2172
73,30,18.365324669347494,10.410788571428569,16020.211200000002
73,32,21.142528131190677,7.401603999999998,13124.3766
73,34,25.513855662329988,6.313409999999999,8327.8084
73,36,25.78192493528782,4.280950799999999,4168.900000000001
73,38,16.87008563049756,5.833670399999998,5323.1248000000005
73,40,26.44835104978622,4.141975199999999,4493.2883999999995
73,42,24.70964297617167,3.9475548,3771.7400000000002
73,44,25.395080367878315,4.5365532,4547.654
73,46,22.87665750240466,3.2944464,3227.4829999999997
73,48,18.972599582730002,2.1583619999999994,2565.8280000000004
73,50,26.16280468284899,4.271929199999999,4327.134
73,52,33.6117446973673,6.223571999999999,6181.106
73,56,46.11938678471017,14.703138800000001,11011.4246
73,59,56.08924597518506,21.385799600000002,15201.972600000003
73,61,21.455667479234354,12.8280056,13037.6632
73,63,15.443290703425788,6.689530799999998,10315.2052
73,65,7.215488461737232,3.0835692,2995.4674
73,67,19.142899843905518,1.8119939999999997,1992.1059999999998
73,69,1.8207770484192298,0.5167271999999998,912.7169999999999
73,71,4.3208764661455,0.5127240000000001,1045.9508
73,75,7.314586396739426,1.8483155999999998,2009.2146
73,77,21.668645275611368,4.4684196,3994.617599999999
73,80,41.38322675279511,10.937948400000002,9108.0306
73,82,48.703284136542834,14.491268600000001,12226.3426
73,84,62.85757912131166,28.138604600000004,18603.5426
73,86,28.403923835398952,14.2136052,15378.1782
73,88,24.933407136063728,10.774569599999998,12512.3152
73,89,8.09890822788817,4.011749699999999,3563.593600000001
73,91,4.926767669498542,1.7174503999999997,1726.6248
73,93,14.305812565517291,3.5148636,3398.0046
73,95,11.904660131986175,4.395887599999999,3981.661000000001
73,97,11.28437116508426,4.0610599999999994,3681.822000000001
73,99,11.913436827003714,4.0484984,3878.6478
73,101,17.275474197387137,5.922569599999999,5440.373799999999
73,103,13.060868249487923,5.131146,5432.2038
73,105,16.459234679688734,6.1966076,6074.7176
73,107,21.137350765468057,8.194237600000001,8080.154800000001
73,110,18.988891382847438,8.739966485714286,8827.1718
73,111,15.405629835239235,5.8973542,6429.890799999999
73,113,14.163289736609311,5.6627782,6156.218800000001
73,116,29.197369821847484,16.389223200000004,14342.013799999997
73,117,28.28057742249299,16.680491714285715,16385.431800000002
73,119,24.45419567961428,12.908369714285714,12693.6678
75,0,37.822727082635176,13.026412599999999,12521.981399999999
75,3,23.89776459882798,9.374490800000002,10752.0278
75,4,19.14787841743833,7.763515885714286,8491.059799999999
75,6,38.86497054328824,14.2720086,13565.9704
75,8,25.465817759005883,9.162496799999998,9148.3812
75,10,31.713694518385417,9.8210208,10414.682399999998
75,12,25.573262794829194,18.726857400000004,11538.675200000003
75,14,28.289828768081005,12.35868197142857,19671.536600000003
75,16,20.60649299919449,6.427950000000002,8328.751799999998
75,18,16.434126085391572,4.8754596,5901.018799999999
75,20,16.294129757791886,4.990783199999999,5424.575999999999
75,22,19.553453533020704,7.030816799999999,7500.748
75,24,19.221861522370112,6.9520728,7259.6493999999975
75,27,36.33143737101959,16.702095,13029.738399999998
75,28,23.946517299665743,11.865546057142856,17133.2668
75,30,23.536349927661764,10.87412297142857,16906.3448
75,32,26.313553389504946,7.864938399999997,13370.878200000001
75,34,31.99302417586485,6.776744399999998,9286.761
75,36,20.21497424126479,4.744285199999999,5659.257
75,38,24.553428601547868,6.297004799999997,7696.6402
75,40,22.825858108836023,4.605309599999998,6866.8038
75,42,15.91230669407978,4.2107532,4932.3787999999995
75,44,13.014558494487181,3.7948548,5000.5148
75,46,17.70273524216247,3.7577807999999995,4556.4632
75,48,7.593339371764899,1.4014175999999998,3119.6886000000004
75,50,8.607687268897493,1.5581735999999997,3760.0819999999994
75,52,11.99106045304822,3.5067659999999994,4380.4308
75,56,28.738036378781732,11.6042132,9129.4798
75,59,38.70789556925662,18.286874,13320.0278
75,61,26.626692737548623,13.291339999999998,14415.660400000002
75,63,20.614315961740058,7.152865199999998,11547.4442
75,65,15.70863630779452,4.9844448,5340.521600000001
75,67,14.938026592713573,2.2753283999999994,3466.1704
75,69,6.578737926932904,0.4337376,2237.7290000000003
75,71,11.979845320363939,2.4947099999999995,3256.8032
75,73,6.35271442907322,1.8483156000000003,2827.7470000000003
75,77,5.876056122344258,1.3694939999999995,2042.6474000000003
75,80,24.001876346866666,7.8390228,7226.085799999999
75,82,31.32193373061439,11.392343,10344.397799999999
75,84,45.47622871538323,25.039679000000003,16721.597799999996
75,86,33.57494909371323,14.676939599999997,18270.694
75,88,30.104432394378,11.237903999999997,15404.831
75,89,13.08278183401597,5.912625299999999,5235.1994
75,91,7.909103204542012,2.5181280000000004,3455.3236000000006
75,93,6.991226168777866,1.6665480000000001,2946.1552
75,95,13.649305742942387,5.7167544,7344.542600000001
75,97,13.156495390355351,5.3832146000000005,5755.9386
75,99,11.567241911606384,3.8920040000000005,5187.8796
75,101,16.929279281989807,5.766075200000001,7712.6368
75,103,12.714673334090593,4.9746516000000005,6741.4356
75,105,11.79866162564644,4.348292,5622.8682
75,107,13.82276436872863,6.345922,6611.6212
75,110,18.642696467450108,8.583472085714286,10136.403600000003
75,111,15.059434919841905,5.7408598,7739.122600000001
75,113,13.817094821211981,5.5062838,7465.450600000001
75,116,22.019504041395113,14.387308628571432,11287.341200000003
75,117,22.90980026923067,15.1974224,14260.503200000001
75,119,19.08341852635196,11.425300400000001,10568.7392
77,0,42.03386177243139,15.330612400000001,13192.009499999996
77,3,28.694078236469853,12.3366368,11765.933749999998
77,4,23.944192055080205,10.725661885714286,9504.96575
77,6,43.07610523308446,16.602044400000004,14235.998499999998
77,8,29.126642684390504,11.223908799999998,9086.64775
77,10,35.49000414252512,11.8824328,9333.42525
77,12,25.28136089125999,17.279158200000005,9819.497250000002
77,14,38.72825240959767,15.320827971428571,24219.654750000005
77,16,25.402806636836363,9.390096,9342.657749999998
77,18,21.230439723033445,7.837605600000001,6914.924749999998
77,20,20.18671483060922,7.052195200000001,5853.553499999999
77,22,23.329763157160414,8.776264,6664.775250000001
77,24,19.177468372177067,8.1926044,6178.39225
77,27,31.51936156608388,14.5069734,10908.200249999998
77,28,34.384940941182414,14.827692057142858,21589.310750000004
77,30,33.97477356917843,13.83626897142857,21134.304750000003
77,32,36.75197703102162,10.827084399999999,9265.084750000002
77,34,37.0142386170383,9.738890399999999,7820.2027499999995
77,36,25.011287878906664,7.706431199999999,6688.378749999999
77,38,33.08992463855287,9.259150799999999,7868.416749999999
77,40,27.84707255000947,7.567455599999999,6458.67075
77,42,20.708620331721654,7.172899199999999,6361.00275
77,44,17.225693184283404,6.7570008,5808.9532500000005
77,46,22.49904887980434,6.719926799999999,5879.69225
77,48,12.180136918555416,4.363563599999999,3699.78875
77,50,11.506488535858749,3.6195855999999993,4375.870500000001
77,52,15.767370077187927,5.568177999999999,4348.0975
77,56,23.307281759360762,9.4090916,7089.74025
77,59,33.277140949835655,16.0917524,11280.28825
77,61,37.06511637906529,16.253486,18151.75675
77,63,31.052739603256722,10.115011199999998,15429.298750000002
77,65,26.123893078640773,7.946590799999999,6813.72425
77,67,19.905150981178238,5.237474399999999,4511.584749999999
77,69,11.543748533866138,3.3958835999999994,2976.92575
77,71,20.31707142616733,5.456855999999999,4788.266250000001
77,73,14.68994053487661,4.4645616,3710.84825
77,75,1.8591611891659507,1.0555559999999997,1201.4117499999998
77,80,18.571121727445696,5.6439012,5186.346249999999
77,82,25.89117911119342,9.1972214,8304.658249999999
77,84,40.04547409596226,22.844557400000003,14681.858249999997
77,86,44.01337273522989,17.639085599999998,20492.271750000004
77,88,40.542856035894665,14.200049999999997,17626.408750000002
77,89,23.521205475532643,8.874771299999999,6857.443749999999
77,91,18.347526846058685,5.450770799999999,4864.09075
77,93,17.059144127679094,4.282794,3890.77675
77,95,24.087729384459053,8.6493972,8394.62975
77,97,23.594919031872024,8.315857399999999,6806.025749999999
77,99,22.00566555312306,6.824646799999999,6237.9667500000005
77,101,27.273912806495787,8.698718,9003.48175
77,103,23.153096975607266,7.9072944,7791.522750000001
77,105,21.866579584547665,6.964538,6567.489749999999
77,107,23.890682327629857,8.962168,7556.242749999999
77,110,29.081120108966775,11.516114885714288,11186.490750000003
77,111,25.497858561358573,8.6735026,8789.209750000002
77,113,24.255518462728652,8.4389266,8515.537750000001
77,116,18.29383357541616,12.740313428571433,10784.194500000005
77,117,30.05554983889238,17.8136684,20233.283500000005
77,119,24.66808514175064,14.041546400000001,15796.6085
80,0,47.37815163132075,17.321524000000004,16959.322500000002
80,3,48.00100168535827,18.3979316,18753.941500000004
80,4,43.25111550396861,16.786956685714284,16492.973500000004
80,6,48.6602305295949,18.592956000000004,18024.841500000006
80,8,33.32013148112731,13.214820399999999,12428.746500000001
80,10,39.568008240506835,13.7176312,12882.3785
80,12,17.79082205626659,15.836343599999998,10039.475999999999
80,14,61.339334627240824,21.382122771428573,32643.804500000006
80,16,44.71975455699766,15.451390800000002,17234.6115
80,18,40.54738764319475,13.898900399999995,14806.8785
80,20,26.44400276422799,11.753702800000001,11211.1485
80,22,27.40776725514213,10.5567988,10213.728500000001
80,24,11.68692953718367,9.973139200000002,7281.223
80,27,6.8178225485539246,6.253023000000001,6115.7955
80,28,56.996023158825565,20.888986857142857,30013.460500000005
80,30,56.58585578682158,19.897563771428572,29558.4545
80,32,57.96847342517657,16.8883792,18971.4085
80,34,56.479231588783264,15.800185200000003,17834.9875
80,36,44.19586279972135,13.767726000000001,16287.659499999998
80,38,53.271134806181344,15.320445600000001,17160.9555
80,40,48.02828271763795,13.628750400000003,15751.2095
80,42,40.03883383606889,13.234194,14200.534499999998
80,44,35.88443777795609,12.818295599999997,13288.658500000001
80,46,41.9588509665858,12.781221600000002,14032.7015
80,48,33.69556454576873,10.424858400000002,11949.1795
80,50,26.371309121860136,9.670832799999998,9645.1735
80,52,19.845374175169642,7.871554600000001,7613.872500000001
80,56,4.879075175101855,3.7864856,3996.5549999999994
80,59,8.575601932305698,7.837802000000002,6176.702250000002
80,61,59.676198596708446,22.314780800000005,26575.9065
80,63,53.66382182089988,16.176306,23853.4485
80,65,48.71991439103168,14.007885600000002,15101.274500000003
80,67,40.1404512015155,11.298769200000002,13722.660500000002
80,69,34.0186555020229,9.457178400000002,11226.3165
80,71,42.83460030129699,11.5181508,12943.793500000003
80,73,37.28596184726754,10.945278000000002,11998.398500000001
80,75,24.470243406809093,7.536272400000001,9625.5615
80,77,21.2829648891258,5.643901200000001,8048.5855
80,82,1.1896400936634686,0.9432710000000002,2257.80125
80,84,15.343935078432306,14.590607000000002,9578.272250000002
80,86,66.62445495287304,23.700380400000004,28916.4215
80,88,63.15393825353782,20.261344800000003,26050.558500000003
80,89,46.13228769317578,14.9360661,15281.5935
80,91,40.95860906370183,11.931487200000001,13288.2405
80,93,39.670226345322234,10.763510400000001,12314.926500000001
80,95,46.6988116021022,15.130113600000001,16818.779500000004
80,97,46.20600124951517,14.7965738,15230.175500000001
80,99,44.6167477707662,13.305363200000002,14662.116500000002
80,101,49.88499502413894,15.179434400000002,17427.631500000003
80,103,45.76417919325041,14.388010800000002,16215.6725
80,105,44.47766180219081,13.445254400000001,14991.639500000003
80,107,46.501764545273,15.4428844,15980.3925
80,110,51.69220232660993,17.996831285714286,19610.6405
80,111,48.10894077900173,15.154219000000003,17213.359500000002
80,113,46.8666006803718,14.919643000000002,16939.687500000004
80,116,41.07406029110384,19.092537428571433,19154.965500000002
80,117,52.83577655458006,24.294384799999996,28604.054500000006
80,119,47.44831185743832,20.522262799999996,24167.379500000003
82,0,54.47403145312555,20.8748646,16756.8715
82,3,55.096881507163076,21.95127219999999,18551.490500000007
82,4,50.34699532577342,20.340297285714282,16290.522500000005
82,6,55.7561103513997,22.146296599999996,17822.39050000001
82,8,40.41601130293213,16.768160999999996,12226.295500000004
82,10,46.66388806231165,17.270971799999995,12679.927500000003
82,12,19.577880691422457,17.424051399999996,9413.718499999997
82,14,68.43521444904563,24.93546337142858,32441.35350000001
82,16,51.81563437880247,19.004731399999994,17032.160499999998
82,18,47.64326746499957,17.452240999999997,14604.427500000003
82,20,33.539882586032796,15.307043399999998,11008.697500000002
82,22,34.50364707694694,14.110139399999996,10011.277500000002
82,24,13.473988172339535,11.9075454,6655.465499999999
82,27,8.269551888356839,7.196294000000001,4923.631500000001
82,28,64.09190298063038,24.442327457142863,29811.009500000004
82,30,63.6817356086264,23.450904371428578,29356.003500000006
82,32,65.06435324698138,20.4417198,18768.957500000004
82,34,63.57511141058808,19.353525799999993,17632.536500000002
82,36,51.29174262152616,17.3210666,16085.208500000002
82,38,60.367014627986165,18.873786200000005,16958.504500000003
82,40,55.12416253944277,17.182091000000003,15548.758499999998
82,42,47.134713657873704,16.787534599999997,13998.0835
82,44,42.9803175997609,16.371636199999998,13086.207500000004
82,46,49.054730788390614,16.3345622,13830.250500000002
82,48,40.79144436757355,13.978199,11746.728500000001
82,50,33.46718894366495,13.224173399999996,9442.722500000003
82,52,26.941253996974453,11.424895199999998,7411.421500000002
82,56,6.666133810257721,5.3741934,3370.7974999999997
82,59,10.027331272108611,8.781073000000001,4886.726500000002
82,61,66.77207841851326,25.8681214,26373.455500000004
82,63,60.75970164270469,19.729646599999995,23650.997500000005
82,65,55.81579421283649,17.5612262,14898.823500000006
82,67,47.236331023320325,14.852109800000001,13520.209500000003
82,69,41.114535323827724,13.010519,11023.865500000004
82,71,49.93048012310181,15.0714914,12741.342500000004
82,73,44.381841669072344,14.4986186,11795.947500000004
82,75,31.566123228613908,11.089613,9423.110500000003
82,77,28.378844710930615,9.1972418,7846.134500000002
82,80,1.4517293398029139,0.943271,967.8254999999999
82,84,16.79566441823522,15.533878000000001,8288.296500000002
82,86,73.72033477467785,27.253721,28713.970500000003
82,88,70.24981807534263,23.8146854,25848.107500000006
82,89,53.2281675149806,18.489406700000004,15079.142500000004
82,91,48.05448888550664,15.4848278,13085.789500000004
82,93,46.76610616712705,14.316851,12112.475500000004
82,95,53.79469142390701,18.683454200000007,16616.328500000003
82,97,53.30188107131998,18.349914400000003,15027.724500000006
82,99,51.71262759257102,16.8587038,14459.665500000005
82,101,56.98087484594375,18.732775,17225.18050000001
82,103,52.86005901505523,17.9413514,16013.221500000005
82,105,51.573541623995624,16.998595,14789.188500000006
82,107,53.59764436707781,18.996225000000003,15777.941500000004
82,110,58.788082148414745,21.55017188571428,19408.1895
82,111,55.20482060080654,18.707559599999996,17010.908500000005
82,113,53.96248050217662,18.472983599999996,16737.236500000006
82,116,48.169940112908655,22.645878028571435,18952.514500000005
82,117,59.93165637638487,27.847725399999998,28401.603500000005
82,119,54.544191679243134,24.0756034,23964.928500000005
84,0,64.89278478323438,30.93256700000001,23120.038500000002
84,3,65.51563483727192,32.00897460000001,24914.65750000001
84,4,60.76574865588226,30.397999685714296,22653.689500000004
84,6,66.17486368150853,32.203999,24185.557500000003
84,8,50.83476463304095,26.825863400000006,18589.4625
84,10,57.08264139242048,27.328674200000002,19043.0945
84,12,18.657942232285915,15.289774399999999,10225.805499999999
84,14,78.85396777915442,34.99316577142858,38804.5205
84,16,62.2343877089113,29.062433800000008,23395.327500000003
84,18,58.062020795108396,27.50994340000001,20967.594500000003
84,20,43.95863591614164,25.3647458,17371.864500000003
84,22,44.92240040705576,24.1678418,16374.444500000003
84,24,21.7343349133896,18.8342684,12016.044500000002
84,27,7.018069971969302,4.663996399999999,4912.916499999999
84,28,74.51065631073917,34.50002985714286,36174.1765
84,30,74.1004889387352,33.50860677142858,35719.17050000001
84,32,75.48310657709021,30.49942220000001,25132.1245
84,34,73.99386474069689,29.4112282,23995.7035
84,36,61.71049595163499,27.378769000000013,22448.375500000002
84,38,70.78576795809502,28.931488600000012,23321.671499999997
84,40,65.5429158695516,27.23979340000001,21911.925500000005
84,42,57.55346698798253,26.84523700000001,20361.250499999995
84,44,53.39907092986973,26.429338600000012,19449.3745
84,46,59.47348411849944,26.39226460000001,20193.417499999992
84,48,51.210197697682375,24.03590140000001,18109.895500000006
84,50,43.88594227377378,23.28187580000001,15805.889500000003
84,52,37.36000732708328,21.482597600000005,13774.588500000002
84,56,14.926480551307787,12.300916400000002,8731.3765
84,59,1.6933444120988939,1.5384143999999995,2574.5454999999993
84,61,77.19083174862205,35.92582380000001,32736.6225
84,63,71.17845497281348,29.787349000000006,30014.1645
84,65,66.23454754294531,27.61892860000001,21261.990500000007
84,67,57.65508435342915,24.90981220000001,19883.3765
84,69,51.533288653936545,23.06822140000001,17387.03250000001
84,71,60.34923345321063,25.12919380000001,19104.509500000007
84,73,54.800594999181165,24.556321000000008,18159.114500000003
84,75,41.984876558722725,21.147315400000004,15786.277500000004
84,77,38.79759804103944,19.254944200000004,14209.301500000005
84,80,11.870482669911741,11.000973400000001,7330.992500000001
84,82,13.06012276357521,11.944244400000002,8274.263500000001
84,86,84.13908810478665,37.31142340000001,35077.1375
84,88,80.66857140545143,33.87238780000001,32211.2745
84,89,63.64692084508942,28.547109100000014,21442.309500000007
84,91,58.473242215615464,25.542530200000005,19448.956500000004
84,93,57.18485949723587,24.374553400000003,18475.642500000005
84,95,64.21344475401584,28.74115660000001,22979.4955
84,97,63.7206344014288,28.407616800000007,21390.891500000005
84,99,62.13138092267983,26.916406200000004,20822.832500000004
84,101,67.39962817605256,28.790477400000004,23588.347500000007
84,103,63.27881234516404,27.999053800000002,22376.388500000005
84,105,61.992294954104445,27.056297400000002,21152.3555
84,107,64.01639769718663,29.053927400000003,22141.108500000002
84,110,69.20683547852356,31.607874285714285,25771.3565
84,111,65.62357393091536,28.765262,23374.075500000003
84,113,64.38123383228543,28.530686,23100.403500000004
84,116,58.58869344301748,32.703580428571435,25315.68150000001
84,117,70.3504097064937,37.905427800000005,34764.77050000001
84,119,64.96294500935196,34.1333058,30328.09550000001
86,0,69.85702349758336,23.7737964,19965.837000000003
86,3,51.363245076805896,17.623709399999996,21650.937000000005
86,4,46.623690439159404,18.214036485714278,21990.130000000005
86,6,70.89926695823642,25.019392399999997,21009.826000000005
86,8,62.52612480152451,22.0875336,18508.421
86,10,75.29427922425049,23.5951992,20066.736000000004
86,12,76.39362136124139,34.507144200000006,22882.410999999996
86,14,28.24496576494313,15.104287035714282,13209.296999999999
86,16,41.92952325140967,13.725578199999996,17713.059999999998
86,18,43.52810894123403,15.532331399999997,19471.553000000007
86,20,48.328426172740066,16.1070912,13576.916
86,22,61.117981685430884,20.460162,17191.586
86,24,63.11391695903802,21.653025600000003,18179.872999999996
86,27,86.55005853046619,32.602927799999996,28136.467000000004
86,28,15.915134110361569,10.786305599999999,7686.697
86,30,24.081682830036062,12.212597749999999,11724.737999999998
86,32,24.667888512420546,12.426739199999997,12015.05
86,34,29.774970884988658,11.063033999999996,14524.823
86,36,37.06268578051023,12.299838999999997,11066.990000000002
86,38,23.061683001403036,8.812616399999998,7479.532
86,40,33.486050578069325,11.3543052,9313.772
86,42,39.75454313123925,12.8863824,10874.337
86,44,43.89239905231077,14.343048,12088.224999999999
86,46,36.03975695635081,12.0171276,10165.175000000003
86,48,35.98390961534635,13.467655200000003,11144.212000000003
86,50,48.4390988422893,16.101992400000004,13380.115000000002
86,52,54.51414233136501,17.986896000000005,15124.764999999996
86,56,78.33797872374306,27.505046,24318.007000000005
86,59,88.30783791421797,34.187706799999994,28508.555000000008
86,61,7.9542840129382935,5.859925999999998,3737.1339999999996
86,63,17.031123790387674,6.075567599999999,5198.658
86,65,20.081754869063104,7.946324399999999,6757.622
86,67,32.88993201890852,11.128075200000001,9409.081000000002
86,69,34.603511859364765,13.3763028,11621.751000000004
86,71,27.901931940826838,12.130786599999999,11863.595999999998
86,73,32.0690770341614,14.1592834,13554.009999999998
86,75,36.54214516250289,14.732294400000002,13527.940000000006
86,77,53.887237214644244,17.695342800000002,17301.200000000004
86,80,73.601818691828,23.7398556,22414.613000000005
86,82,80.92187607557574,27.293175799999993,25532.925000000007
86,84,95.07617106034459,40.94051179999999,31910.125000000007
86,88,3.7794865077453546,2.0144579999999994,1814.3999999999996
86,89,21.749329678364703,9.968202599999998,10063.307999999997
86,91,27.450895755557283,12.233006199999998,11948.778999999999
86,93,35.73390345906007,18.506417999999996,20912.813000000002
86,95,24.43036650531524,12.158282199999999,13174.237000000001
86,97,23.810077538413328,11.823454599999998,12874.398000000001
86,99,25.4191689003318,13.316281799999997,14415.370000000003
86,101,30.846861917459737,15.103236999999998,15991.960000000001
86,103,26.165189465565586,14.022644399999997,15592.641000000003
86,105,29.563555895766395,15.187652314285712,17057.510000000002
86,107,34.76189438957262,18.08380911428571,20055.166000000005
86,110,32.0932125989251,17.631464885714283,18987.609000000004
86,111,28.509951051316893,14.788852599999998,16590.328
86,113,27.267610952686972,14.554276599999998,16316.656000000003
86,116,42.301691037925146,26.27879471428571,24502.45100000001
86,117,41.384898638570654,25.57199011428571,26545.86900000001
86,119,37.558516895691945,21.79986811428571,22854.105000000007
88,0,60.39398848755363,20.3347608,17557.863
88,3,41.90021006677616,14.184673800000004,19242.963000000003
88,4,37.16065542912967,14.775000885714286,19582.156000000003
88,6,61.4362319482067,21.5803568,18601.852000000003
88,8,53.063089791494775,18.648497999999996,16100.446999999996
88,10,65.83124421422076,20.156163600000003,17658.762000000002
88,12,66.93058635121164,31.06810860000001,20474.436999999998
88,14,18.781930754913382,11.665251435714286,10801.322999999997
88,16,32.46648824137992,10.2865426,15305.086
88,18,34.065073931204296,12.093295800000002,17063.579
88,20,38.86539116271033,12.668055599999999,11168.942
88,22,51.654946675401135,17.0211264,14783.612000000001
88,24,53.65088194900828,18.213990000000003,15771.898999999998
88,27,77.08702352043643,29.163892199999996,25728.493000000002
88,28,8.699685897802144,7.34727,5997.511
88,30,14.61864782000632,8.77356215,9316.764
88,32,15.204853502390801,8.987703600000001,9607.076000000001
88,34,20.31193587495891,7.623998400000001,12116.848999999998
88,36,27.599650770480483,8.860803400000002,8659.016000000001
88,38,13.59864799137329,5.373580800000002,5071.558000000001
88,40,24.02301556803958,7.915269600000001,6905.798000000001
88,42,30.291508121209517,9.4473468,8466.363
88,44,34.42936404228104,10.9040124,9680.251
88,46,26.576721946321058,8.578092000000002,7757.201000000001
88,48,26.520874605316607,10.028619600000003,8736.238000000001
88,50,38.976063832259555,12.662956800000003,10972.141
88,52,45.051107321335266,14.547860400000001,12716.790999999997
88,56,68.87494371371331,24.066010400000003,21910.033000000003
88,59,78.84480290418821,30.748671199999997,26100.581000000006
88,61,2.7227901742603575,2.459592,1986.1969999999997
88,63,7.5680887803579315,2.636532000000001,2790.684000000001
88,65,10.618719859033359,4.507288800000001,4349.648000000001
88,67,23.42689700887878,7.689039600000002,7001.107000000002
88,69,25.140476849335023,9.937267199999999,9213.777000000006
88,71,18.43889693079709,8.691751000000002,9455.622
88,73,22.606042024131657,10.720247800000003,11146.036
88,75,27.07911015247314,11.293258800000002,11119.966000000004
88,77,44.42420220461449,14.2563072,14893.226000000002
88,80,64.13878368179824,20.30082,20006.639000000003
88,82,71.45884106554598,23.854140199999996,23124.951
88,84,85.61313605031484,37.50147619999999,29502.151000000005
88,86,2.0179615337307704,2.0144580000000003,2272.289
88,89,12.286294668334957,6.529167000000001,7655.334000000001
88,91,17.987860745527538,8.793970600000002,9540.805
88,93,26.270868449030324,15.067382399999998,18504.839000000004
88,95,14.967331495285498,8.7192466,10766.263000000003
88,97,14.347042528383582,8.384419,10466.424000000003
88,99,15.956133890302054,9.8772462,12007.396000000004
88,101,21.383826907429995,11.664201400000001,13583.986000000003
88,103,16.70215445553584,10.5836088,13184.667000000005
88,105,20.10052088573665,11.748616714285715,14649.536000000004
88,107,25.29885937954288,14.644773514285713,17647.192000000003
88,110,22.63017758889535,14.192429285714288,16579.635000000006
88,111,19.046916041287147,11.349817000000002,14182.354000000007
88,113,17.804575942657227,11.115241000000001,13908.682000000004
88,116,32.8386560278954,22.839759114285716,22094.477000000006
88,117,31.921863628540905,22.132954514285714,24137.895000000004
88,119,28.095481885662196,18.360832514285715,20446.131
89,0,54.57645037986467,17.4220606,17920.766799999998
89,3,36.50613162871561,11.727673000000003,12792.398799999999
89,4,31.766576991069137,12.159163885714285,13131.5918
89,6,55.618693840517736,18.667656599999997,18964.7558
89,8,47.24555168380582,14.9114952,16317.9712
89,10,60.0137061065318,15.5700192,16246.879999999996
89,12,56.83586875553863,26.349789,18278.5974
89,14,12.49343258152773,9.650544735714288,13941.0764
89,16,27.737826383831592,7.8295418,10202.1744
89,18,28.670995493143757,9.271107599999999,10613.0148
89,20,33.04785305502138,9.7553554,11531.8458
89,22,45.83740856771217,12.9717108,13714.0528
89,24,47.83334384131933,13.5436512,14180.290799999997
89,27,63.07386943036249,23.763274199999994,20287.334
89,28,8.150121113112467,7.142849164285714,11310.732399999999
89,30,7.73995374110849,6.75885545,10855.726400000001
89,32,10.517157202951672,7.046276199999999,13684.3374
89,34,16.937285649889652,5.682570999999999,7538.4313999999995
89,36,22.90158784151486,6.4038026,8503.9688
89,38,8.627212041061968,3.4321533999999994,4291.801
89,40,18.20547746035063,5.2982088,5850.4906
89,42,24.89742968314897,6.830285999999999,7183.988399999999
89,44,28.611825934592087,8.1905028,10052.4408
89,46,20.759183838632108,5.961031200000001,6474.8264
89,48,20.70333649762766,5.8123116,6369.9416
89,50,32.55448945626255,7.9258788000000004,8677.170399999999
89,52,39.23356921364632,9.877521599999998,10589.715799999998
89,56,54.86178962363938,18.665392399999995,16387.0754
89,59,64.83164881411427,25.348053199999995,20577.623400000004
89,61,10.830296550995346,8.918194799999998,7873.1784
89,63,4.817919775186782,3.793824,5150.7204
89,65,4.578457040100774,2.3814072,2770.5531999999994
89,67,17.609358901189832,5.071978800000001,5718.732399999999
89,69,11.127322759261105,4.7203512,5788.911
89,71,4.425742840723175,1.932834,3932.664399999999
89,73,8.060114050659243,3.9613308,5503.765
89,75,13.214673333243724,5.8926408,7205.439000000001
89,77,30.411048114540577,8.855689199999999,9370.268399999999
89,80,50.12562959172432,14.900201999999997,14483.681399999998
89,82,57.44568697547204,18.453522199999995,17601.9934
89,84,71.5999819602409,32.10085819999999,23979.1934
89,86,17.77855290715995,9.897638399999998,10213.693399999998
89,88,14.308036207824724,6.458602799999999,7347.830399999999
89,91,2.0343529361704276,1.9809832,3735.5893999999994
89,93,16.16851538582274,8.3805984,11121.158
89,95,4.864978432077919,2.36467,5561.1798
89,97,4.2446894651760045,2.0298423999999997,5261.3408
89,99,5.853780827094477,3.5226695999999995,6587.994400000001
89,101,11.281473844222417,5.3096248,8378.9028
89,103,6.599801392328263,4.2290322,7979.583800000002
89,105,9.998167822529073,5.394040114285714,9444.452800000001
89,107,15.196506316335297,8.290196914285714,12442.108799999998
89,110,12.527824525687777,7.837852685714285,11374.551800000001
89,111,8.944562978079576,4.995240399999999,8977.270800000002
89,113,7.702222879449652,4.7606644,8703.598800000002
89,116,22.736302964687827,16.485182514285714,16889.393799999998
89,117,21.81951056533333,15.778377914285713,18932.811800000003
89,119,17.993128822454622,12.006255914285713,15241.0478
91,0,56.30710462373706,16.196219799999998,14010.553799999998
91,3,41.1681535630592,11.536750399999999,12102.191599999998
91,4,36.418267381669544,10.933323085714287,10361.255799999999
91,6,57.34934808439013,17.4418158,15054.5428
91,8,48.672418208877076,13.685654399999999,11898.4898
91,10,59.21298937881894,14.3441784,13656.976
91,12,52.94504728943205,23.559414600000004,15312.542000000001
91,14,20.235303359952496,12.991731435714286,17694.2428
91,16,33.944215502790925,8.55219,8378.8418
91,18,33.70451504962281,8.0452668,7198.166800000001
91,20,34.77850729889377,8.5295146,7621.632799999999
91,22,46.12495688427531,11.74587,10282.002799999998
91,24,46.721156382803635,12.317810399999999,11149.727199999998
91,27,59.18304796425591,20.787229800000002,16401.245
91,28,15.891991891537236,10.484035864285714,15063.8988
91,30,15.48182451953326,10.10004215,14608.892800000001
91,32,18.259027981376438,9.178183700000002,17437.5038
91,34,23.477371191853724,7.814478500000001,8128.588400000001
91,36,29.10797696047419,6.709059599999998,8936.646400000001
91,38,14.833601160021296,5.564060900000001,6487.9924
91,40,24.411866579309958,6.570083999999998,7977.794400000001
91,42,30.079495578330285,6.3756635999999975,6143.156199999999
91,44,31.017885179698702,6.964662000000001,6297.662800000001
91,46,26.965572957591437,5.722555199999999,5565.9182
91,48,24.59540439455039,4.586470799999999,4315.836800000001
91,50,31.785609494669377,6.700038,6077.142799999999
91,52,39.23454950918769,8.651680799999998,7840.073600000001
91,56,50.9709681575328,15.689347999999999,12582.785
91,59,60.94082734800769,22.372008800000003,16773.333000000002
91,61,18.572167329420118,12.064206300000002,11626.344800000003
91,63,12.559790553611553,5.9257315,8903.886799999998
91,65,5.17900399126097,1.4348376000000003,2343.4044000000004
91,67,23.815748020149158,4.240102799999999,4426.3978
91,69,7.443581860239618,3.032492399999999,2975.2316
91,71,3.9944039016553106,0.9832331999999999,1652.0458000000003
91,73,4.066265580256696,1.2143175999999998,1596.8678
91,75,9.090479587908215,2.5181280000000004,2796.1068000000005
91,77,26.51577237227171,5.454628799999999,5510.405800000001
91,80,46.23480812561774,11.924157600000001,10679.390999999998
91,82,53.55486550936546,15.477477800000003,13797.703
91,84,67.7091604941343,29.124813800000002,20174.903
91,86,25.52042368558472,13.2388251,13966.859799999997
91,88,22.049906986249496,9.7997895,11100.996799999999
91,89,3.231819348015887,1.9625763999999999,1939.7140000000004
91,93,14.268210879137648,4.501072800000001,4448.5608
91,95,5.634129294494959,2.5642392000000003,2578.4308
91,97,5.24739218581334,2.2294116,2264.9998000000005
91,99,3.55206546315896,1.373876,2977.5844
91,101,8.914102833542383,3.2479471999999996,4938.777000000001
91,103,4.6994968856431685,2.4565236,4617.6878000000015
91,105,8.097863315843979,3.621531514285714,6082.5568
91,107,13.296201809650205,6.517688314285714,9080.2128
91,110,10.627520019002684,6.065344085714287,8012.655800000002
91,111,7.044258471394481,3.2227318,5615.3748
91,113,5.801918372764558,2.9881558,5341.702800000001
91,116,20.83599845800273,14.712673914285714,13527.497800000001
91,117,19.919206058648236,14.005869314285714,15570.915800000002
91,119,16.092824315769526,10.233747314285713,11879.151800000003
93,0,57.67525691040166,17.88845160000001,15886.061499999996
93,3,42.53630584972379,13.291547600000001,13924.683499999996
93,4,37.78641966833413,12.688120285714286,11663.715499999998
93,6,58.717500371054726,19.159883600000008,16930.050499999998
93,8,45.29671971168726,13.781748000000002,11990.5055
93,10,53.027999431107204,14.440272,13153.510499999999
93,12,46.71416917966902,22.392017400000007,14304.691500000003
93,14,27.19048418734257,16.078253571428572,24819.371500000005
93,16,39.245034250090306,10.3069872,11839.469999999998
93,18,35.0726673362874,9.800063999999999,9073.674500000001
93,20,36.14665958555836,9.610034400000002,8514.0775
93,22,40.86775844574249,11.650068,10484.718499999999
93,24,40.5361664350919,11.571323999999999,9998.477499999997
93,27,52.95216985449289,19.619832600000002,15393.394499999999
93,28,22.847172718927307,15.585117657142858,22189.0275
93,30,22.43700534692333,14.593694571428571,21734.021500000003
93,32,25.21420880876651,11.584509999999998,24562.632500000003
93,34,31.63433725570449,10.496316,16519.6625
93,36,36.20576248977429,8.4638568,11931.016000000001
93,38,23.45408402080943,10.016576399999998,14879.0665
93,40,33.032349440098095,8.3248812,16368.868500000002
93,42,34.55084794497561,8.1304608,8001.355
93,44,32.38603746636329,8.719459200000001,8173.170499999999
93,46,33.30049505689112,7.4773524,11264.666000000001
93,48,25.96060067228848,6.341268000000001,6178.639500000001
93,50,27.676565563155506,6.177424800000001,7036.394499999999
93,52,33.16078433504084,8.1260172,7277.3965
93,56,44.740090047769776,14.521950799999999,11574.9345
93,59,54.70994923824466,21.204611600000003,15765.482500000002
93,61,25.527348156810188,17.0109116,18751.473500000004
93,63,19.514971381001622,10.8724368,16029.015500000001
93,65,19.405329019848235,7.537617600000001,9580.7905
93,67,29.56673739839198,5.9949,10268.9305
93,69,12.244614602905692,4.699633200000001,4623.934499999999
93,71,15.32529719810843,4.966772400000001,4846.550499999999
93,73,9.69816630681771,3.5154432000000004,3637.1095
93,75,3.3454518777444884,1.6671276,2096.8465
93,77,20.284894262508683,4.2872316,4280.2665
93,80,40.00393001585471,10.756760400000001,9671.5405
93,82,47.32398739960244,14.310080600000003,12789.8525
93,84,61.47828238437127,27.957416600000006,19167.0525
93,86,32.47560451297479,18.3965112,21091.988500000003
93,88,29.005087813639562,14.957475599999999,18226.125500000002
93,89,14.697051605814838,8.4657981,8344.332999999999
93,91,11.625060764901942,4.5016524,5251.9205
93,95,12.549961162203951,7.293408542857141,8994.3465
93,97,12.206239331553746,6.959868742857141,7394.458500000001
93,99,11.530079905212911,5.8755284,5080.58
93,101,6.891231734417718,5.6566906,4445.327
93,103,4.781560727456989,4.2646294,3285.2760000000003
93,105,1.613745219969512,1.4077179999999998,2038.4804999999997
93,107,3.6378479630517013,3.405348,3027.2334999999994
93,110,10.32090354961796,7.576342171428571,7104.9085
93,111,6.7521827811014905,4.733729885714284,5107.3485
93,113,4.682320187100524,3.879732399999999,4098.4925
93,116,11.834587635718187,11.6003336,7137.307499999999
93,117,12.724883863553739,12.256848400000003,10676.1155
93,119,8.898502120675031,8.484726400000001,6984.351499999999
95,0,57.24598798319121,18.9872926,18272.651
95,3,39.17566923204215,13.8760972,13151.701999999996
95,4,34.43611459439566,13.724395885714282,13490.894999999997
95,6,58.28823144384428,20.2328886,19316.640000000003
95,8,49.91508928713236,16.476727200000003,16815.234999999997
95,10,62.683243709858345,17.1352512,18373.550000000003
95,12,56.99292315720973,27.075169200000005,17537.388000000003
95,14,15.03314981092164,11.930629735714284,16354.922999999999
95,16,30.40736398715813,9.977965999999997,10688.999999999998
95,18,31.340533096470296,10.836339599999995,10972.317999999997
95,20,35.71739065834792,11.320587399999996,11883.729999999998
95,22,48.50694617103872,14.5369428,15498.4
95,24,50.50288144464587,15.108883200000001,14779.135000000002
95,27,63.2309238320336,24.302984399999996,18626.091
95,28,10.689838342506379,9.422934164285714,13724.579
95,30,10.279670970502403,9.03894045,13269.573
95,32,13.056874432345584,9.194700399999999,16098.184000000001
95,34,19.47700287928356,7.830995199999999,8055.213999999998
95,36,25.5711254448414,8.552226799999998,8863.271999999999
95,38,11.296749644388505,5.5805776,6414.617999999999
95,40,20.875015063677168,7.446632999999999,7904.42
95,42,27.56696728647551,8.978710199999998,9181.150999999998
95,44,31.281363537918626,9.755734799999997,10395.038999999997
95,46,23.428721441958647,8.1094554,8471.989000000001
95,48,23.372874100954196,7.377543599999999,6905.094
95,50,35.78793317111806,9.4911108,8745.542999999998
95,52,41.90310681697286,11.4427536,10830.93
95,56,55.018844025310486,19.205102599999996,14807.631
95,59,64.98870321578538,25.887763399999997,18998.179000000004
95,61,13.370013780389257,11.198279799999998,10287.025000000001
95,63,7.357637004580692,5.9422482,7564.567
95,65,7.247994643427311,4.813080599999999,4930.933999999999
95,67,20.278896504516368,7.031175599999998,7715.895
95,69,11.445905536688299,5.7359088,5251.982999999999
95,71,9.668144421443692,4.727437000000001,3534.462
95,73,8.6204132238751,3.917734,3252.91
95,75,13.151017856618566,6.0338826,4409.709
95,77,30.568102516211685,8.9703834,7790.824
95,80,50.28268399339542,15.439912199999998,12904.236999999997
95,82,57.60274137714315,18.993232399999997,16022.548999999999
95,84,71.757036361912,32.64056839999999,22399.749000000003
95,86,20.31827013655386,12.177723399999998,12627.539999999997
95,88,16.847753437218635,8.738687799999997,9761.677
95,89,2.5397172293939105,2.1877085999999992,3117.7200000000003
95,91,4.002323676448683,2.5892184,2076.179
95,93,12.761533085193857,7.650136914285713,8724.260999999999
95,97,0.36150545930472916,0.3598067999999999,369.33400000000006
95,99,2.4467985264655927,2.0971232,2226.818
95,101,7.874491543593532,3.8840784,3803.4080000000004
95,103,3.192819091699379,2.8034858,3404.0890000000004
95,105,6.591185521900189,3.968493714285714,4868.9580000000005
95,107,11.789524015706414,6.864650514285714,7866.613999999999
95,110,9.120842225058894,6.412306285714287,6799.056999999999
95,111,5.537580677450691,3.569694,4401.776
95,113,4.295240578820768,3.335118,4128.104
95,116,19.32932066405894,15.059636114285714,12313.899
95,117,18.412528264704445,14.352831514285715,14357.317000000001
95,119,14.586146521825738,10.580709514285713,10665.553
97,0,57.19708302805839,18.6274858,17373.199249999998
97,3,39.12676427690933,13.664623200000001,17363.207749999998
97,4,34.38720963926284,13.364589085714282,17702.40075
97,6,58.239326488711455,19.873081799999998,18417.188250000003
97,8,49.86618433199954,16.1169204,15588.45925
97,10,61.93711556870783,16.7754444,16629.507249999995
97,12,55.66821756731804,25.48443900000001,16975.176750000002
97,14,14.984244855788821,11.719155735714285,17510.78625
97,16,30.358459032025312,9.766491999999998,11922.22825
97,18,31.291628141337476,10.476532799999996,15183.82375
97,20,35.6684857032151,10.960780599999996,10984.278249999998
97,22,48.4580412159059,14.177136,14075.037999999999
97,24,49.44528257269253,14.663745599999997,13479.729499999998
97,27,61.906218242141904,22.712254199999997,18063.87975
97,28,10.64093338737356,9.211460164285713,14880.44225
97,30,10.230766015369584,8.82746645,14425.43625
97,32,13.007969477212765,8.9832264,17254.047250000003
97,34,19.42809792415074,7.6195212,9211.07725
97,36,25.52222048970858,8.340752799999999,10146.768250000001
97,38,11.247844689255686,5.369103600000001,7570.48125
97,40,20.82611010854435,7.2351589999999995,9060.28325
97,42,27.51806233134269,8.7672362,10337.014249999998
97,44,31.232458582785807,9.395927999999998,9577.947749999998
97,46,23.379816486825828,7.897981399999999,9627.85225
97,48,23.323969145821376,7.0177368,6794.63575
97,50,34.50973568455827,9.198043199999999,9195.97325
97,52,41.85420186184004,11.082946799999997,11100.254249999998
97,56,53.69413843541879,17.6143724,14245.419750000001
97,59,63.66399762589368,24.297033199999998,18435.967750000003
97,61,13.321108825256438,10.986805799999999,11442.88825
97,63,7.3087320494478725,5.7307742,8720.430250000001
97,65,7.1990896882944915,4.601606599999999,6086.79725
97,67,20.22999154938355,6.671368799999999,8871.758249999999
97,69,10.167708050128507,5.376102,5141.52475
97,71,9.306638962138965,4.515963000000001,4157.322249999999
97,73,7.621259754040523,3.5579272,3485.77675
97,75,11.813649865794208,4.443152400000001,4175.58275
97,77,29.2389426501577,7.379653199999999,7089.68225
97,80,48.95797840350373,13.849182,12342.025749999997
97,82,56.278035787251454,17.402502199999997,15460.33775
97,84,70.4323307720203,31.0498382,21837.537750000003
97,86,20.26936518142104,11.966249399999999,13783.403249999998
97,88,16.798848482085816,8.527213799999998,10917.54025
97,89,2.490812274261091,1.9762346,4099.129
97,91,2.723170277885993,1.9250243999999999,1959.5977499999995
97,93,11.215132105337394,6.268139714285714,7943.01
97,95,0.3437218306502039,0.3335398,1558.05275
97,99,0.9003975466091297,0.7151259999999999,1445.567
97,101,6.1183666207510585,2.2933481999999996,2977.62125
97,103,1.6464181118429155,1.4214886,2622.838
97,105,5.044784542043726,2.5864965142857144,4087.707
97,107,10.243123035849951,5.482653314285714,7085.362999999999
97,110,7.57444124520243,5.030309085714286,6017.805999999999
97,111,3.9911796975942275,2.1876968,3620.5249999999996
97,113,2.748839598964304,1.9531207999999998,3346.853
97,116,17.78291968420248,13.677638914285716,11532.648
97,117,16.866127284847984,12.970834314285714,13576.065999999999
97,119,13.039745541969276,9.198712314285714,9884.302
99,0,57.87324245439923,18.8871508,20610.7025
99,3,39.80292370325017,14.227681399999998,15489.7535
99,4,35.06336906560367,13.624254085714282,15828.946500000002
99,6,58.9154859150523,20.1327468,21654.6915
99,8,50.54234375834038,16.376585400000003,17200.916
99,10,61.98659779216822,17.0351094,18023.882249999995
99,12,55.71769979077843,25.369521600000006,18360.226250000003
99,14,15.660404282129655,12.374581935714286,18692.974500000004
99,16,31.034618458366147,10.421918199999999,13027.051500000001
99,18,31.96778756767831,10.736197799999996,13310.3695
99,20,36.344645129555936,11.220445599999996,12487.03875
99,22,48.89856529762459,14.436801,14813.337
99,24,49.494764796152914,14.548828199999996,14874.104499999996
99,27,61.9557004656023,22.597336799999997,19448.92925
99,28,11.317092813714392,9.866886364285714,16062.630500000001
99,30,10.906925441710417,9.48289265,15607.624500000002
99,32,13.684128903553596,9.6386526,18436.235500000003
99,34,20.104257350491576,8.2749474,10393.2655
99,36,26.198379916049415,8.996179,11201.323500000002
99,38,11.92400411559652,6.0245298,8752.6695
99,40,21.502269534885183,7.890585199999999,10242.4715
99,42,28.194221757683525,9.066594599999998,11519.2025
99,44,31.90861800912664,9.655592999999998,12733.090499999998
99,46,24.055975913166662,8.4134862,10810.040500000003
99,48,24.00012857216221,7.2774018,8277.81175
99,50,34.55921790801866,9.154928999999997,10679.14925
99,52,42.00815792253697,11.103521399999996,12405.094499999997
99,56,53.74362065887919,17.499454999999998,15630.46925
99,59,63.71347984935407,24.1821158,19821.017250000004
99,61,13.997268251597273,11.642232,12625.0765
99,63,7.984891475788707,6.3862004,9902.6185
99,65,7.875249114635326,5.257032799999999,7268.9855
99,67,20.906150975724383,6.931033799999999,10053.9465
99,69,10.217190273588898,5.6357669999999995,6624.700750000001
99,71,10.659839717432597,5.171389200000001,6284.157000000001
99,73,7.670741977500914,4.4515769999999995,5140.61525
99,75,11.863132089254599,4.328234999999999,5790.590749999999
99,77,29.288424873618094,7.264735799999998,8405.266499999998
99,80,49.007460626964125,13.7342646,13727.07525
99,82,56.32751801071185,17.287584799999998,16845.38725
99,84,70.4818129954807,30.934920799999997,23222.587250000004
99,86,20.94552460776187,12.6216756,14965.591499999999
99,88,17.475007908426647,9.18264,12099.7285
99,89,3.166971700601925,2.6316607999999992,5455.7715
99,91,2.772652501346384,1.8101069999999995,3439.7122499999996
99,93,10.314734558728265,5.553013714285714,7660.928
99,95,1.019881256991038,0.9889659999999999,2867.9495000000006
99,97,0.6761594263408341,0.6554262,2500.1505
99,101,4.699829216814605,1.4376791999999998,3022.544
99,103,0.7460205652337859,0.7063626000000001,2201.848
99,105,4.144386995434596,1.8713705142857147,3805.6250000000005
99,107,9.34272548924082,4.767527314285714,6803.280999999999
99,110,6.674043698593301,4.257693085714285,5735.723999999998
99,111,3.0907821509850977,1.4725707999999997,3338.4429999999998
99,113,1.8484420523551748,1.2379947999999998,3064.7709999999997
99,116,16.882522137593348,12.962512914285714,11250.566
99,117,15.965729738238853,12.255708314285716,13293.984
99,119,12.139347995360145,8.483586314285715,9602.22
101,0,62.84273005705067,20.305132,20723.031500000005
101,3,44.772411305901606,15.645662599999998,15602.082499999999
101,4,40.032856668255114,15.042235285714282,15941.2755
101,6,63.88497351770374,21.550728,21767.020500000006
101,8,55.51183136099182,17.794566600000003,15376.789500000003
101,10,66.61663704860048,18.4530906,17237.9475
101,12,60.34773904721067,26.7875028,17522.9245
101,14,20.629891884781095,14.172857535714286,18805.3035
101,16,36.00410606101759,12.220193799999997,13139.380500000001
101,18,36.93727517032974,12.154178999999996,13422.698499999999
101,20,41.314132732207376,12.638426799999996,11900.361500000003
101,22,53.528604554056834,15.8547822,13760.302500000002
101,24,54.124804052585176,15.966809399999995,14082.914499999999
101,27,66.58573972203455,24.015317999999994,18611.6275
101,28,16.286580416365833,11.665161964285714,16174.9595
101,30,15.876413044361858,11.28116825,15719.9535
101,32,18.653616506205037,11.4369282,18548.5645
101,34,25.073744953143017,10.073223,10505.594500000001
101,36,31.167867518700856,10.794454599999998,11313.6525
101,38,16.893491718247965,7.8228054,8864.998500000002
101,40,26.471757137536624,9.688860799999999,10354.800500000001
101,42,33.16370936033496,10.484575799999996,11631.531500000001
101,44,36.87810561177808,11.073574199999998,12845.4195
101,46,29.025463515818103,9.831467399999998,10922.3695
101,48,28.969616174813655,8.695383,7794.1365000000005
101,50,39.18925716445091,10.572910199999997,9555.442500000001
101,52,46.63819717896923,12.521502599999996,11409.414499999999
101,56,58.37365991531143,18.917436199999994,14793.1675
101,59,68.34351910578633,25.600096999999995,18983.715500000002
101,61,18.966755854248714,13.4405076,12737.4055
101,63,12.95437907844015,8.184476,10014.947499999998
101,65,12.84473671728677,7.0553083999999995,7381.3144999999995
101,67,25.875638578375828,8.349014999999998,10166.2755
101,69,14.847229530021153,7.053748199999999,6141.0255
101,71,15.629327320084037,6.9696648,6363.641500000001
101,73,12.30078123393317,5.869558199999999,4828.6025
101,75,16.493171345686854,5.746216199999999,5051.4155
101,77,33.918464130050346,8.682716999999998,7498.4995
101,80,53.637499883396366,15.152245799999996,12889.7735
101,82,60.95755726714409,18.705565999999994,16008.085500000001
101,84,75.11185225191295,32.352902,22385.2855
101,86,25.915012210413316,14.4199512,15077.920499999997
101,88,22.44449551107809,10.9809156,12212.057499999999
101,89,8.136459303253368,4.4299364,5568.1005
101,91,7.402691757778639,3.2280881999999993,2952.9754999999996
101,93,8.965944484680067,6.0921902,5092.8085
101,95,5.98936885964248,2.7872415999999998,2980.2785000000003
101,97,5.6456470289922756,2.4537018,2612.4795
101,99,4.689613918448347,1.4578547999999998,1236.4185000000002
101,103,0.09509145149201279,0.04878,62.189499999999995
101,105,3.3660999548586616,1.8141048000000002,1533.2934999999998
101,107,7.993935415192622,5.306703799999999,4235.1615
101,110,3.504297168519785,2.768319085714285,2356.9094999999998
101,111,1.128408205968263,1.1272919999999997,960.9495
101,113,2.269708679525344,2.241622714285714,2258.3935
101,116,16.190675087859105,13.5016894,8345.2355
101,117,15.504599011241147,12.794884800000002,11590.7625
101,119,11.67821726836244,9.0227628,7898.9985
103,0,62.9636727934907,20.4056068,21772.427000000003
103,3,44.89335404234164,15.746137399999999,16651.478
103,4,40.15379940469515,15.142710085714283,16990.671000000002
103,6,64.00591625414377,21.6512028,22816.41600000001
103,8,55.63277409743185,17.895041400000007,17357.565666666665
103,10,64.05489739070694,18.5535654,17851.353
103,12,57.74106713926877,26.8879776,19002.534000000003
103,14,20.75083462122113,14.273332335714283,19854.699000000004
103,16,36.12504879745762,12.320668599999998,14188.776000000003
103,18,37.05821790676978,12.254653799999996,14472.094000000003
103,20,41.435075468647405,12.738901599999997,12716.231000000002
103,22,51.89465640534223,15.955257000000001,14649.972000000002
103,24,51.563064394691644,16.067284199999996,14696.319999999998
103,27,63.97906781409264,24.115792799999994,20091.237000000005
103,28,16.40752315280587,11.765636764285713,17224.355
103,30,15.997355780801893,11.38164305,16769.349000000002
103,32,18.774559242645072,11.537403000000001,19597.960000000003
103,34,25.194687689583052,10.173697800000001,11554.99
103,36,31.288810255140888,10.894929399999999,12363.048000000003
103,38,17.014434454687997,7.923280200000001,9914.394000000002
103,40,26.592699873976656,9.7893356,11404.196000000002
103,42,33.284652096775,10.585050599999997,12680.927000000001
103,44,36.99904834821811,11.174048999999998,13894.815000000002
103,46,29.146406252258135,9.931942199999998,11971.765000000005
103,48,29.090558911253687,8.7958578,8974.900666666668
103,50,38.70346352275526,10.673384999999998,10660.390666666668
103,52,44.187682294640595,12.621977399999997,11842.444333333331
103,56,55.76698800736953,19.017910999999994,16272.777000000002
103,59,65.73684719784441,25.700571799999995,20463.325
103,61,19.08769859068875,13.540982399999997,13786.801000000001
103,63,13.075321814880185,8.284950799999999,11064.343
103,65,12.965679453726803,7.155783199999999,8430.710000000001
103,67,25.99658131481586,8.449489799999998,11215.671000000002
103,69,14.968172266461188,7.154223,7321.7896666666675
103,71,15.750270056524073,7.0701396,7440.238333333334
103,73,12.421723970373206,5.970032999999999,6009.366666666666
103,75,14.372349837344238,5.846691,6269.4113333333335
103,77,31.311792222108433,8.783191799999997,8978.108999999999
103,80,51.030827975454464,15.252720599999996,14369.383000000002
103,82,58.35088535920219,18.806040799999995,17487.695000000003
103,84,72.50518034397103,32.4533768,23864.895000000004
103,86,26.03595494685335,14.520426,16127.315999999999
103,88,22.565438247518127,11.081390399999998,13261.453
103,89,8.257402039693403,4.5304112,6617.495999999999
103,91,7.523634494218674,3.3285629999999995,4133.739666666666
103,93,6.301314981891916,4.700129,4754.003
103,95,6.110311596082515,2.8877163999999995,4029.6740000000004
103,97,5.766589765432311,2.5541766,3661.875
103,99,4.810556654888383,1.5583295999999998,2380.3753333333334
103,101,0.06777076521978335,0.04878,1386.5749999999998
103,105,0.7014704520705107,0.4220436,1095.892
103,107,5.329305912404472,3.9146425999999996,3896.3559999999998
103,110,3.497442580420025,2.7614622857142845,3057.8936666666664
103,111,1.121553617868503,0.7662081999999998,1301.9453333333333
103,113,1.1024214871213889,0.5316321999999998,1551.9786666666666
103,116,13.526045585070957,12.1096282,8118.833666666668
103,117,12.839969508452995,11.402823600000001,10963.657666666666
103,119,9.013587765574288,7.6307016,7271.893666666667
105,0,64.49765016457295,20.522048600000005,21925.1516
105,3,47.14411498194707,15.9251446,17436.1168
105,4,42.40456034430058,15.321717285714284,17255.277600000005
105,6,65.53989362522601,21.793480600000002,22969.140600000002
105,8,52.119112965858555,16.415345000000002,15200.1776
105,10,59.850392685278486,17.073869000000002,16363.182599999996
105,12,53.53656243384031,25.02561440000001,17514.3636
105,14,23.00159556082656,14.850338878571428,21908.470000000005
105,16,38.37580973706305,12.897675142857139,15116.525000000003
105,18,39.308978846375204,12.433660999999997,14722.4078
105,20,42.969052839729656,12.243631400000002,11723.7496
105,22,47.69015169991377,14.283665,13694.390600000002
105,24,47.35855968926318,14.204920999999999,13208.149599999999
105,27,59.774563108664175,22.253429599999997,18603.0666
105,28,18.658284092411296,12.342643307142856,19278.125999999997
105,30,18.248116720407317,11.958649592857142,18823.120000000003
105,32,21.0253201822505,12.114409542857143,21651.731000000003
105,34,27.44544862918848,10.750704342857142,13608.761000000002
105,36,33.539571194746316,11.097453799999998,14416.819000000003
105,38,19.265195394293425,8.500286742857142,11968.165
105,40,28.843460813582084,10.36634214285714,13457.967000000004
105,42,35.535413036380426,10.764057799999998,13178.689800000002
105,44,39.20843072053459,11.3530562,13181.487599999999
105,46,31.397167191863563,10.110949399999999,14025.536000000004
105,48,31.341319850859115,8.974865000000001,9510.547800000002
105,50,34.498958817326795,8.8110218,10246.0666
105,52,39.98317758921213,10.7596142,10487.068599999999
105,56,51.562483301941064,17.1555478,14784.6066
105,59,61.53234249241595,23.838208599999998,18975.1546
105,61,21.338459530294177,14.117988942857142,15840.572000000004
105,63,15.326082754485613,8.861957342857142,13118.114000000001
105,65,15.216440393332233,7.7327897428571415,10484.480999999998
105,67,28.247342254421287,8.628497,13269.442
105,69,17.64100112474579,7.333230200000001,8063.1676000000025
105,71,18.0010309961295,7.6003694,8278.6998
105,73,15.09455282865781,6.1490402,6996.2816
105,75,10.167845131915778,4.3007246,5306.5186
105,77,27.10728751667997,6.920828599999999,7489.9385999999995
105,80,46.826323270026,13.390357400000001,12881.212599999999
105,82,54.146380653773726,16.943677599999997,15999.5246
105,84,68.30067563854256,30.5910136,22376.724599999998
105,86,28.28671588645878,15.097432542857142,18181.087
105,88,24.816199187123555,11.658396942857141,15315.223999999998
105,89,10.508162979298831,5.107417742857142,8671.267
105,91,10.196463352503278,4.481119542857142,5977.3362
105,93,1.3362267413621292,1.21845,2785.1279999999997
105,95,8.361072535687944,3.4647229428571418,6083.445
105,97,8.017350705037739,3.131183142857142,5715.646000000001
105,99,7.341191278696905,2.475756942857142,4194.526
105,101,2.740599623504387,1.8141048000000006,2800.9266
105,103,0.6309286165436571,0.4220436,1640.8756
105,107,2.349050884178911,1.7912351999999998,2663.5825999999993
105,110,6.146555702193687,3.7476565714285712,4589.220599999999
105,111,2.5632941545854844,0.9050442857142856,2536.3633999999997
105,113,0.9675282888531564,0.6704682857142856,1831.9668000000001
105,116,10.545790556845397,9.986220800000002,7025.379400000001
105,117,11.072789730383207,9.665984199999999,9907.375199999999
105,119,7.246407987504499,5.893862199999999,6215.6112
107,0,66.68390139306808,22.580050600000003,19070.475000000002
107,3,50.91369649359802,17.983146599999998,20194.754000000004
107,4,46.174141855951525,17.37971928571428,20533.947000000007
107,6,67.72614485372115,23.8514826,20114.464000000004
107,8,54.3053641943537,18.473347,15174.919000000002
107,10,62.03664391377363,19.131870999999997,16337.923999999997
107,12,55.722813662335454,27.083616400000004,17489.105
107,14,26.77117707247752,17.74861487857143,23397.975000000006
107,16,42.14539124871402,14.998586200000002,17732.052
107,18,43.07856035802615,14.491662999999996,18015.370000000006
107,20,45.155304068224794,14.3016334,11698.491
107,22,49.876402928408915,16.341667,13669.132000000001
107,24,49.544810917758326,16.262922999999997,13182.890999999996
107,27,61.96081433715932,24.311431599999995,18577.808
107,28,22.42786560406226,15.240919307142857,20767.631
107,30,22.01769823205828,14.856925592857143,20312.625000000004
107,32,24.794901693901462,15.012685542857145,23141.236000000004
107,34,31.215030140839442,13.648980342857145,15098.266000000001
107,36,37.30915270639726,13.1554558,15906.324000000002
107,38,23.034776905944387,11.398562742857145,13457.67
107,40,32.613042325233046,13.016480200000002,14947.472000000002
107,42,39.304994548031374,12.8220598,16224.203000000001
107,44,41.394681949029724,13.411058199999998,11357.583999999999
107,46,35.16674870351453,12.168951400000001,15515.041000000003
107,48,34.969245154954905,11.032867,9363.053
107,50,36.68521004582194,10.869023799999999,10220.808
107,52,42.16942881770728,12.817616199999998,10461.809999999998
107,56,53.74873453043621,19.2135498,14759.348000000002
107,59,63.718593720911095,25.896210599999996,18949.896000000004
107,61,25.10804104194514,17.01626494285714,17330.076999999997
107,63,19.095664266136573,11.760233342857143,14607.619
107,65,18.986021904983193,10.631065742857144,11973.985999999997
107,67,32.016923766072246,10.686499000000001,14758.947
107,69,21.253259085572125,9.391232200000001,7808.348000000001
107,71,21.77061250778046,9.658371400000002,8030.964000000001
107,73,18.706810789484138,8.2070422,6821.523000000001
107,75,12.35409636041092,6.3587266,5281.26
107,77,29.293538745175116,8.9788306,7464.68
107,80,49.01257449852115,15.4483594,12855.954
107,82,56.33263188226887,19.001679599999996,15974.266000000001
107,84,70.48692686703771,32.6490156,22351.466000000004
107,86,32.05629739810974,17.995708542857145,19670.592000000004
107,88,28.585780698774514,14.556672942857142,16804.729
107,89,14.27774449094979,8.005693742857144,10160.771999999999
107,91,14.014129048590046,7.379395542857144,7939.752999999999
107,93,3.522477969857273,3.276452,2476.84
107,95,12.130654047338902,6.362998942857144,7572.950000000001
107,97,11.786932216688697,6.029459142857144,7205.151000000001
107,99,11.110772790347863,5.374032942857144,6112.774
107,101,7.330318173147259,5.335763000000002,4432.9490000000005
107,103,5.22064716618653,3.9437018000000013,3272.8980000000006
107,105,2.186251228495144,1.7912352000000011,1258.39
107,110,9.916137213844644,6.645932571428574,6083.233
107,111,6.332875666236442,3.803320285714287,3685.9520000000007
107,113,3.3864363194536446,2.5855954,2660.4049999999997
107,116,7.399965634380451,7.398023200000001,3915.8549999999996
107,117,8.229753323824855,7.994278799999999,7429.554999999999
107,119,4.403371580946148,4.2221568,3737.7909999999993
110,0,70.98292239285246,23.09493588571428,23999.9655
110,3,52.912603641703384,18.348298342857145,18879.016500000005
110,4,48.17304900405689,17.83203917142856,19218.209500000004
110,6,72.02516585350553,24.340531885714277,25043.9545
110,8,63.652023696793606,20.584370485714285,22542.549500000005
110,10,75.22698148751725,21.24289448571428,20908.9875
110,12,68.92156136693268,29.57730668571429,22316.107500000006
110,14,28.77008422058289,16.402830878571425,22082.237500000003
110,16,44.14429839681939,14.450167142857143,16416.3145
110,18,45.07746750613152,14.943982885714277,16699.632500000003
110,20,49.45432506800916,15.428230685714277,15571.401500000005
110,22,62.13894899297363,18.644586085714284,17431.342500000002
110,24,62.73514849150196,18.756613285714284,17753.9545
110,27,75.15956204175656,26.805121885714275,23404.810500000003
110,28,24.42677275216763,13.895135307142855,19451.8935
110,30,24.01660538016365,13.511141592857141,18996.8875
110,32,26.793808842006833,13.666901542857143,21825.4985
110,34,33.21393728894482,12.303196342857143,13782.5285
110,36,39.30805985450263,13.024427942857145,14590.586500000001
110,38,25.033684054049754,10.052778742857143,12141.932499999999
110,40,34.61194947333841,11.918834142857145,13631.7345
110,42,41.30390169613674,13.274379685714283,14908.4655
110,44,45.01829794757987,13.86337808571428,16122.3535
110,46,37.165655851619896,12.581656542857145,14199.303500000002
110,48,37.109808510615444,11.485186885714283,11465.176500000003
110,50,47.7996016033677,13.362714085714284,13226.482500000006
110,52,55.248541617886005,15.311306485714283,15080.454500000002
110,56,66.94748223503345,21.707240085714282,19586.350500000004
110,59,76.91734142550834,28.389900885714276,23776.898500000007
110,61,27.10694819005051,15.67048094285714,16014.3395
110,63,21.094571414241944,10.414449342857141,13291.8815
110,65,20.98492905308856,9.285281742857142,10658.248499999996
110,67,34.01583091417761,11.138818885714285,13443.209499999999
110,69,23.457573968937936,9.843552085714284,9812.065500000004
110,71,23.76951965588583,9.199638142857143,9722.1795
110,73,20.91112567284995,8.659362085714283,8499.6425
110,75,25.10351578460363,8.536020085714286,8722.4555
110,77,42.49657821627426,11.472520885714285,12395.8525
110,80,62.21132220311838,17.94204968571428,17682.956500000004
110,82,69.53137958686611,21.495369885714275,20801.268500000006
110,84,83.68567457163496,35.14270588571428,27178.468500000006
110,86,34.055204546215116,16.649924542857143,18354.854499999998
110,88,30.584687846879888,13.21088894285714,15488.991499999998
110,89,16.27665163905516,6.659909742857142,8845.034499999998
110,91,16.013036196695417,6.017892085714285,6624.0154999999995
110,93,16.72122567445451,7.06731377142857,7303.842500000001
110,95,14.129561195444273,5.017214942857142,6257.212500000001
110,97,13.785839364794068,4.683675142857142,5889.413500000001
110,99,13.109679938453233,4.028248942857142,4797.0365
110,101,8.599757487950994,2.7381090857142856,2323.2254999999996
110,103,8.694848939443007,2.7868890857142854,2363.8755
110,105,10.55087811116084,3.3856705714285713,3448.5395000000008
110,107,15.749216604967065,6.281827371428571,6446.1955
110,111,0.7166813372521396,0.0853122857142857,112.56150000000001
110,113,8.631723261877676,2.7429629999999996,2696.1055000000006
110,116,23.28901325331959,14.476812971428572,10893.480500000001
110,117,22.372220853965096,13.77000837142857,12936.898500000001
110,119,18.545839111086387,9.99788637142857,9245.1345
111,0,60.2325417739595,20.3630542,22363.95025
111,3,42.16222302281043,15.6006972,17243.001250000005
111,4,37.422668385163945,15.100157485714282,17582.194250000004
111,6,61.274785234612565,21.6086502,23407.939250000003
111,8,52.901643077900644,17.852488800000007,20906.53425
111,10,64.47660086862427,18.5110128,19332.926249999997
111,12,58.20770286723449,26.845425000000006,20395.525750000004
111,14,18.019703601689915,13.655229735714286,20446.222250000003
111,16,33.39391777792641,11.702565999999997,14780.299250000004
111,18,34.32708688723857,12.212101199999996,15063.617250000001
111,20,38.7039444491162,12.696348999999996,13935.386250000001
111,22,51.38856837408064,15.9127044,15795.327250000002
111,24,51.98476787260898,16.024731599999996,16177.893249999997
111,27,64.44570354205835,24.073240199999994,21484.228750000002
111,28,13.676392133274655,11.147534164285714,17815.878249999998
111,30,13.26622476127068,10.76354045,17360.87225
111,32,16.04342822311386,10.919300400000001,20189.48325
111,34,22.46355667005184,9.5555952,12146.513250000004
111,36,28.55767923560968,10.276826799999998,12954.571250000003
111,38,14.283303435156785,7.3051776,10505.91725
111,40,23.861568854445448,9.171232999999999,11995.719250000002
111,42,30.55352107724379,10.542497999999997,13272.450250000002
111,44,34.267917328686906,11.131496399999998,14486.33825
111,46,26.415275232726927,9.834055399999999,12563.288250000001
111,48,26.359427891722476,8.7533052,9829.161250000001
111,50,37.049220984474715,10.6308324,11590.467250000005
111,52,44.49816099899303,12.579424799999998,13444.43925
111,56,56.23362373533524,18.975358399999998,17665.768750000003
111,59,66.20348292581014,25.658019199999995,21856.316750000005
111,61,16.356567571157537,12.9228798,14378.32425
111,63,10.344190795348972,7.6668482000000004,11655.86625
111,65,10.23454843419559,6.5376806,9022.23325
111,67,23.265450295284648,8.406937199999998,11807.19425
111,69,12.70719335004496,7.1116703999999995,8176.050250000001
111,71,13.019139036992861,6.452037000000001,8086.164250000001
111,73,10.160745053956978,5.927480399999999,6863.627250000001
111,75,14.353135165710663,5.8041384,7086.44025
111,77,31.778427950074157,8.740639199999999,10397.14325
111,80,51.49746370342018,15.210167999999998,15762.374750000003
111,82,58.817521087167904,18.763488199999994,18880.68675
111,84,72.97181607193676,32.41082419999999,25257.886750000005
111,86,23.304823927322136,13.9023234,16718.839249999997
111,88,19.834307227986912,10.4632878,13852.976249999998
111,89,5.52627102016219,3.9123086,7209.019249999999
111,91,5.262655577802448,3.2860104,4988.000249999999
111,93,8.36251499181368,4.592102057142856,6845.793250000001
111,95,3.379180576551303,2.2696137999999997,4621.19725
111,97,3.0354587459010984,1.936074,4253.39825
111,99,2.3592993195602645,1.2806478000000001,3161.0212500000002
111,101,1.1320216258316445,1.1272919999999995,2138.5779999999995
111,103,1.2271130773236572,1.1760719999999996,2185.25475
111,105,2.1921674285200083,0.9104588571428569,2990.4902500000007
111,107,7.390505922326234,3.8066156571428564,5988.14625
111,110,0.12473095352581615,0.0853122857142857,2834.1935
111,113,0.27301257923684474,0.26775128571428536,2240.9512500000005
111,116,14.930302570678759,12.001601257142857,10435.431250000001
111,117,14.013510171324263,11.294796657142857,12478.84925
111,119,10.187128428445556,7.522674657142856,8787.08525
113,0,63.510242567316894,20.887695057142857,22922.0625
113,3,45.439923816167834,16.12533805714286,17801.113500000003
113,4,40.70036917852134,15.624798342857138,18140.306500000002
113,6,64.55248602796996,22.133291057142856,23966.0515
113,8,56.17934387125804,18.377129657142863,18243.497000000003
113,10,64.94323306937609,19.035653657142856,17855.555999999997
113,12,58.62940281793791,27.370065857142862,19006.737000000005
113,14,21.29740439504732,14.179870592857142,21004.334500000004
113,16,36.671618571283815,12.227206857142855,15338.411500000002
113,18,37.60478768059597,12.736742057142852,15621.729500000001
113,20,41.9816452424736,13.220989857142852,13019.709
113,22,52.78299208401138,16.43734525714286,14990.350000000002
113,24,52.451400073360794,16.54937245714285,14700.522999999997
113,27,64.86740349276178,24.59788105714285,20095.440000000002
113,28,16.954092926632057,11.67217502142857,18373.9905
113,30,16.54392555462808,11.288181307142857,17918.9845
113,32,19.32112901647126,11.443941257142857,20747.595500000003
113,34,25.741257463409237,10.080236057142857,12704.6255
113,36,31.83538002896708,10.801467657142856,13512.683500000003
113,38,17.56100422851419,7.829818457142858,11064.0295
113,40,27.13926964780285,9.695873857142857,12553.8315
113,42,33.83122187060119,11.067138857142856,13830.5625
113,44,37.5456181220443,11.656137257142854,15044.450499999999
113,46,29.692976026084327,10.358696257142856,13121.400500000003
113,48,29.63712868507988,9.277946057142856,10387.273500000001
113,50,39.591799201424415,11.155473257142855,11108.408000000001
113,52,45.076017973309746,13.104065657142854,11979.442
113,56,56.65532368603866,19.499999257142854,16276.980000000003
113,59,66.62518287651355,26.18266005714285,20467.528000000006
113,61,19.634268364514938,13.447520657142856,14936.4365
113,63,13.621891588706374,8.191489057142856,12213.9785
113,65,13.512249227552994,7.062321457142857,9580.345499999998
113,67,26.543151088642052,8.931578057142858,12365.306499999999
113,69,15.984894143402366,7.636311257142857,8734.162500000002
113,71,16.29683983035026,6.976677857142858,8644.2765
113,73,13.438445847314384,6.452121257142857,7421.7395
113,75,15.260685516013389,6.328779257142857,6798.892
113,77,32.20012790077759,9.265280057142856,8982.312
113,80,51.9191636541236,15.734808857142855,14373.586000000003
113,82,59.239221037871324,19.28812905714285,17491.898
113,84,73.39351602264017,32.93546505714285,23869.098000000005
113,86,26.58252472067954,14.426964257142856,17276.951499999996
113,88,23.112008021344316,10.987928657142856,14411.088499999998
113,89,8.803971813519592,4.436949457142857,7767.131499999998
113,91,8.540356371159852,3.8106512571428572,5546.112499999999
113,93,6.42906712545974,3.7677996,3994.472
113,95,6.656881369908705,2.7942546571428566,5179.309499999999
113,97,6.313159539258501,2.460714857142857,4811.5105
113,99,5.637000112917667,1.805288657142857,3719.1335
113,101,3.2232363203504297,2.5881804,2800.062
113,103,2.8429079328385445,1.6985470857142855,1958.305
113,105,1.0069296499709033,0.6800612857142856,730.5790000000002
113,107,3.622088206504095,2.5855954,3114.7335000000003
113,110,4.44236453641445,3.0771882857142856,3689.5924999999993
113,111,0.859102988806247,0.234576,1292.3115
113,116,11.022053840884546,9.9836186,7199.194
113,117,10.10526144153005,8.845665399999998,9242.612000000001
113,119,6.278879698651343,5.073543399999999,5550.848
116,0,67.4682279691926,26.511860799999997,24271.041333333338
116,3,54.12844443323103,23.499237199999992,23325.820333333337
116,4,49.378558251841376,21.888262285714283,21064.85233333334
116,6,68.51047142984567,27.783292799999995,25315.03033333334
116,8,54.5610088811517,22.405157199999994,20409.013333333332
116,10,62.2181117318998,23.06368119999999,20586.839333333333
116,12,52.00946848063468,28.890095400000007,21072.911333333337
116,14,37.682524406507106,25.943600478571433,28634.716666666674
116,16,50.83717283359755,20.552696399999995,20902.544333333335
116,18,46.664805919794645,19.000206,18474.811333333335
116,20,45.621081027370415,18.23344359999999,16932.585333333333
116,22,50.05787074653509,20.27347719999999,17918.18933333333
116,24,45.905575961551754,19.8035416,17431.806333333334
116,27,58.247469155458546,26.11791059999999,22161.61433333333
116,28,33.33921293809185,23.435904907142863,26004.372666666666
116,30,32.929045566087865,23.051911192857148,25549.36666666667
116,32,35.70624902793105,21.989684799999996,28377.977666666673
116,34,42.12637747486903,20.901490799999987,20335.00766666667
116,36,48.22050004042685,18.8690316,21143.065666666665
116,38,33.94612423997397,19.593548342857144,18694.41166666667
116,40,43.52438965926263,18.730055999999998,20184.213666666667
116,42,46.14298652848285,18.3354996,17920.889333333336
116,44,42.6600593810446,17.9196012,17163.372333333333
116,46,46.078096037544114,17.8825272,18149.65833333333
116,48,37.61450311531661,15.526163999999998,14939.574333333332
116,50,36.94085473261994,14.800833999999995,15454.902333333333
116,52,42.42507350450528,16.749426399999994,15695.904333333332
116,56,50.035389348735436,21.0200288,18343.154333333336
116,59,60.00524853921032,27.702689599999992,22533.702333333335
116,61,36.01938837597472,25.211250542857147,22566.81866666667
116,63,30.00701160016616,19.955218942857144,19844.360666666664
116,65,29.89736923901277,18.826051342857145,17210.727666666666
116,67,42.928271100101824,16.4000748,19995.688666666665
116,69,32.16460641960172,14.558483999999998,12945.974000000002
116,71,32.68195984181004,16.619456399999997,14270.023333333336
116,73,29.61815812351373,15.627161999999998,13056.216999999997
116,75,23.265443694440513,12.218156399999998,9783.517333333331
116,77,25.131057666081254,10.8843324,11131.005333333333
116,80,45.29922931682037,17.254838399999997,16439.760333333335
116,82,52.6192867005681,20.80815859999999,19558.072333333334
116,84,66.77358168533692,34.455494599999994,25935.272333333338
116,86,42.96764473213933,26.190694142857147,24907.33366666667
116,88,39.4971280328041,22.751658542857147,22041.470666666664
116,89,25.189091824979375,16.200679342857146,15397.513666666666
116,91,24.925476382619635,15.574381142857142,13176.494666666664
116,93,14.433825303886865,11.4714376,6979.097333333334
116,95,23.04200138136849,14.557984542857145,12809.691666666666
116,97,22.698279550718286,14.224444742857145,12441.892666666667
116,99,22.02212012437745,13.569018542857144,11349.515666666668
116,101,18.24166550717685,13.5307486,9772.079666666667
116,103,16.13199450021612,12.1386874,8612.028666666667
116,105,13.097598562524736,9.9862208,5760.647333333334
116,107,10.057143326941974,7.362444399999999,4303.497333333333
116,110,20.827484547874235,14.840918171428573,11319.974666666667
116,111,17.244223000266032,11.998305885714286,8922.693666666668
116,113,13.443579646395618,9.9480398,7189.954000000001
116,117,9.730268826108729,9.6666496,8837.578666666666
116,119,4.34280412896699,4.3334016,4400.903666666666
117,0,79.19979119555714,31.43155100000001,26505.722500000003
117,3,61.787517259427545,26.834647000000007,27031.5775
117,4,57.04796262178105,26.231219685714297,27370.770500000002
117,6,80.24203465621021,32.702983,27549.711500000005
117,8,66.82125399684274,27.324847400000007,22610.1665
117,10,74.55253371626267,27.983371400000006,23773.171500000004
117,12,65.03537998063209,35.93511680000002,25320.676500000005
117,14,37.64499783830705,25.207471478571428,30234.798500000004
117,16,53.01921201454355,23.254807742857146,24568.875499999995
117,18,53.95238112385568,23.343163400000012,24852.1935
117,20,57.67119387071385,23.153133800000006,19133.738500000003
117,22,62.392292730897964,25.193167400000007,21104.3795
117,24,58.93148746154917,25.11442340000001,20618.138500000005
117,27,71.27338065545597,33.162932000000005,31004.885499999997
117,28,33.30168636989179,22.699775907142858,27604.4545
117,30,32.89151899788781,22.315782192857142,27149.448500000002
117,32,35.66872245973099,22.471542142857142,29978.059500000003
117,34,42.08885090666897,21.107836942857144,21935.089500000006
117,36,48.18297347222679,21.82906854285714,22743.1475
117,38,33.908597671773904,18.857419342857142,20294.493500000004
117,40,43.486863091062574,20.723474742857142,21784.2955
117,42,50.1788153138609,21.67356020000001,23061.026499999996
117,44,53.89321156530403,22.262558600000013,18792.8315
117,46,46.04056946934406,21.02045180000001,22351.864500000003
117,48,45.984722128339605,19.884367400000013,16798.300500000005
117,50,49.201099848310996,19.720524200000007,17656.055500000002
117,52,54.68531862019633,21.66911660000001,17897.057500000003
117,56,63.06130084873285,28.06505020000001,27186.425499999998
117,59,73.03116003920775,34.747711,31376.9735
117,61,35.98186180777466,24.475121542857146,24166.9005
117,63,29.9694850319661,19.219089942857142,21444.442499999997
117,65,29.859842670812714,18.089922342857143,18810.809500000003
117,67,42.890744531901774,19.53799940000001,21595.770500000002
117,69,32.3324875866621,18.242732600000007,16075.437500000004
117,71,32.644433273609984,18.00427874285714,17874.740500000004
117,73,29.78603929057411,17.058542600000006,16652.203499999996
117,75,24.86998616289997,15.210227000000003,12716.507500000003
117,77,38.156969166078675,17.830331000000005,19974.2765
117,80,58.325140816817786,24.299859800000007,25283.031499999997
117,82,65.64519820056552,27.853180000000002,28401.3435
117,84,79.79949318533437,41.500516,34778.5435
117,86,42.93011816393927,25.454565142857145,26507.4155
117,88,39.45960146460404,22.015529542857145,23641.552499999998
117,89,25.151565256779318,15.464550342857143,16997.5955
117,91,24.887949814419578,14.838252142857142,14776.5765
117,93,16.03836777234632,12.127952400000002,9912.087500000001
117,95,23.004474813168432,13.821855542857143,14409.7735
117,97,22.66075298251823,13.488315742857143,14041.9745
117,99,21.984593556177394,12.832889542857144,12949.5975
117,101,18.229060131766193,12.7946196,11576.9395
117,103,16.119389124805462,11.4025584,10416.888500000001
117,105,14.28341084193782,9.6501754,8693.6375
117,107,11.636624961312172,7.9942788,7215.9205
117,110,20.789957979674178,14.104789171428573,12920.056500000002
117,111,17.206696432065975,11.262176885714286,10522.7755
117,113,13.276481191966917,8.8456654,8211.824499999999
117,116,10.993973853600995,9.6666496,8053.535499999999
117,119,4.360409540044174,3.289974,3295.6665000000003
119,0,73.93804513461501,27.659429000000006,24896.755666666668
119,3,56.79209324230808,23.062525,23775.774666666664
119,4,52.052538604661585,22.45909768571429,24114.967666666667
119,6,74.98028859526808,28.930861000000004,25940.74466666667
119,8,61.03082604657411,23.552725400000003,21012.375666666663
119,10,68.68792889732221,24.2112494,21846.987666666664
119,12,58.479285646057086,32.16299480000001,23040.68166666666
119,14,32.64957382118759,21.435349478571432,26978.99566666667
119,16,48.02378799742408,19.482685742857146,21313.07266666666
119,18,48.95695710673621,19.571041400000006,21596.39066666667
119,20,52.09089819279283,19.3810118,17535.947666666663
119,22,56.52768791195749,21.4210454,19178.242999999995
119,24,52.37539312697416,21.3423014,18691.954666666665
119,27,64.71728632088096,29.39080999999999,27193.055333333334
119,28,28.306262352772322,18.92765390714286,24348.65166666666
119,30,27.896094980768343,18.543660192857146,23893.645666666667
119,32,30.673298442611525,18.699420142857146,26722.256666666668
119,34,37.093426889549505,17.335714942857145,18679.28666666667
119,36,43.18754945510732,18.05694654285714,19487.344666666668
119,38,28.913173654654447,15.085297342857144,17038.690666666665
119,40,38.491439073943106,16.951352742857143,18528.49266666667
119,42,45.18339129674143,17.901438200000005,19805.22366666666
119,44,48.89778754818456,18.490436600000006,17364.389666666666
119,46,41.04514545222459,17.248329800000004,19096.061666666672
119,48,40.98929811122014,16.112245400000006,15314.651999999996
119,50,43.41067189804236,15.9484022,16058.264666666664
119,52,48.89489066992769,17.896994600000003,16299.266666666663
119,56,56.50520651415784,24.2929282,23374.59533333333
119,59,66.47506570463273,30.975588999999992,27565.143333333337
119,61,30.986437790655202,20.702999542857143,20911.09766666667
119,63,24.974061014846637,15.446967942857142,18188.639666666666
119,65,24.864418653693253,14.317800342857144,15555.006666666663
119,67,37.895320514782306,15.765877400000004,18339.967666666667
119,69,27.33706356954263,14.470610600000004,13449.364333333333
119,71,27.649009256490523,14.232156742857144,14618.937666666667
119,73,24.79061527345464,13.286420600000003,13396.400666666663
119,75,19.874562145780494,11.438105000000002,9460.704666666667
119,77,31.60087483150367,14.058209000000002,16162.446333333331
119,80,51.76904648224278,20.527737799999997,21471.20133333333
119,82,59.0891038659905,24.08105799999999,24589.513333333336
119,84,73.24339885075935,37.72839399999999,30966.713333333333
119,86,37.93469414681981,21.682443142857142,23251.612666666668
119,88,34.46417744748458,18.243407542857142,20385.749666666667
119,89,20.156141239659853,11.692428342857143,13741.792666666666
119,91,19.892525797300113,11.066130142857142,11520.773666666662
119,93,11.042943755226846,8.3558304,6656.284666666666
119,95,18.009050796048967,10.049733542857144,11153.970666666666
119,97,17.665328965398764,9.716193742857143,10786.171666666667
119,99,16.98916953905793,9.060767542857144,9693.794666666667
119,101,13.233636114646721,9.022497600000001,8321.136666666665
119,103,11.123965107685992,7.6304364,7161.085666666666
119,105,9.28798682481835,5.878053400000001,5437.834666666667
119,107,6.641200944192702,4.2221568000000005,3960.1176666666665
119,110,15.79453396255471,10.332667171428572,9664.253666666666
119,111,12.211272414946508,7.490054885714286,7266.972666666666
119,113,8.281057174847447,5.0735434,4956.0216666666665
119,116,4.4378795190259845,4.333401599999999,4241.705333333332
119,117,3.3376837631394167,3.289974,3865.557666666667
